Date,Open,High,Low,Close,Volume,Adj Close
2014-01-29,34.01,34.08,33.41,33.49,1385400,33.49
2014-01-28,34.08,34.22,33.90,34.17,1228500,34.17
2014-01-27,34.10,34.25,33.66,33.99,1061200,33.99
2014-01-24,34.18,34.32,33.84,33.86,1298600,33.86
2014-01-23,34.23,34.41,33.90,34.37,1048000,34.37
2014-01-22,34.39,34.76,34.35,34.45,955200,34.45
2014-01-21,34.62,34.81,34.00,34.30,2126200,34.30
2014-01-17,34.40,34.95,34.32,34.59,2463500,34.59
2014-01-16,34.17,34.67,34.15,34.52,1200200,34.52
2014-01-15,34.50,34.68,34.18,34.28,1313400,34.28
2014-01-14,34.20,34.56,34.13,34.53,1901700,34.53
2014-01-13,33.83,34.40,33.83,34.08,2275400,34.08
2014-01-10,33.23,33.94,33.05,33.91,1849200,33.91
2014-01-09,33.08,33.14,32.71,33.09,2460300,33.09
2014-01-08,33.36,33.37,32.73,33.04,1188000,33.04
2014-01-07,33.94,34.03,33.42,33.43,1538600,33.43
2014-01-06,33.60,33.82,33.25,33.78,1956500,33.78
2014-01-03,33.35,33.68,33.31,33.49,583800,33.49
2014-01-02,33.35,33.58,33.29,33.38,1005300,33.38
2013-12-31,33.42,33.70,33.22,33.44,620400,33.44
2013-12-30,33.28,33.58,33.28,33.41,460400,33.41
2013-12-27,33.47,33.53,33.25,33.34,365600,33.34
2013-12-26,33.22,33.39,33.15,33.33,770700,33.33
2013-12-24,33.15,33.48,33.15,33.29,581500,33.29
2013-12-23,33.07,33.31,33.03,33.23,1123400,33.23
2013-12-20,32.68,33.03,32.53,33.02,1296000,33.02
2013-12-19,32.89,33.00,32.58,32.67,1192200,32.67
2013-12-18,32.10,32.85,32.03,32.82,724100,32.82
2013-12-17,32.52,32.67,32.06,32.09,901000,32.09
2013-12-16,32.59,32.90,32.51,32.57,635600,32.57
2013-12-13,32.49,32.65,32.38,32.52,676200,32.52
2013-12-12,32.48,32.55,32.25,32.45,783800,32.45
2013-12-11,32.60,32.80,32.40,32.56,814500,32.56
2013-12-10,33.13,33.15,32.72,32.74,360800,32.74
2013-12-09,32.74,33.32,32.74,33.23,702900,33.23
2013-12-06,32.85,33.11,32.75,32.79,983800,32.79
2013-12-05,33.02,33.11,32.56,32.66,1055100,32.66
2013-12-04,33.17,33.43,33.02,33.10,804000,33.10
2013-12-03,32.99,33.41,32.89,33.36,1192500,33.36
2013-12-02,33.47,33.75,33.10,33.10,2363700,33.10
2013-11-29,33.56,33.60,33.30,33.42,312500,33.42
2013-11-27,33.55,33.76,33.34,33.50,686400,33.50
2013-11-26,33.53,34.12,33.38,33.80,794500,33.62
2013-11-25,33.80,33.82,33.43,33.47,795500,33.30
2013-11-22,33.85,33.85,32.96,33.76,1850900,33.59
2013-11-21,33.34,33.95,33.25,33.86,1587200,33.68
2013-11-20,32.43,32.96,32.28,32.66,967700,32.49
2013-11-19,32.64,32.74,32.36,32.48,776900,32.31
2013-11-18,32.77,32.98,32.66,32.73,1498500,32.56
2013-11-15,33.00,33.02,32.61,32.68,1086300,32.51
2013-11-14,32.59,33.05,32.27,33.01,978100,32.84
2013-11-13,32.04,32.64,31.98,32.64,1115400,32.47
2013-11-12,31.91,32.24,31.70,32.16,786100,31.99
2013-11-11,32.06,32.10,31.84,31.95,783300,31.78
2013-11-08,32.05,32.33,31.92,32.05,1008800,31.88
2013-11-07,32.65,32.85,31.99,31.99,1406700,31.82
2013-11-06,32.57,32.92,32.47,32.66,1809900,32.49
2013-11-05,32.11,32.88,31.88,32.42,1867300,32.25
2013-11-04,32.29,32.52,31.96,32.15,1386100,31.98
2013-11-01,32.80,33.11,31.93,32.26,2564600,32.09
2013-10-31,32.25,33.92,32.16,32.83,3896400,32.66
2013-10-30,32.89,32.91,32.16,32.27,1888900,32.10
2013-10-29,32.39,32.80,32.33,32.79,1925400,32.62
2013-10-28,32.37,32.68,32.20,32.34,983200,32.17
2013-10-25,32.27,32.43,32.14,32.41,449700,32.24
2013-10-24,32.46,32.58,32.02,32.20,831600,32.03
2013-10-23,31.91,32.38,31.72,32.36,1337200,32.19
2013-10-22,31.63,32.21,31.60,32.00,1352800,31.83
2013-10-21,31.84,31.84,31.45,31.58,757500,31.42
2013-10-18,32.49,32.49,31.67,31.75,992700,31.59
2013-10-17,31.64,32.34,31.60,32.30,815300,32.13
2013-10-16,31.67,31.98,31.58,31.78,800000,31.62
2013-10-15,31.85,32.00,31.53,31.56,966900,31.40
2013-10-14,32.39,32.41,31.90,31.90,2972500,31.73
2013-10-11,31.66,32.44,31.61,32.42,1811000,32.25
2013-10-10,31.02,31.87,30.95,31.70,1863200,31.54
2013-10-09,30.41,30.86,30.35,30.78,1890800,30.62
2013-10-08,30.71,30.81,30.40,30.43,1184200,30.27
2013-10-07,30.75,30.96,30.57,30.76,503800,30.60
2013-10-04,30.59,31.03,30.59,30.88,560500,30.72
2013-10-03,30.74,30.85,30.51,30.62,1357000,30.46
2013-10-02,30.76,30.87,30.54,30.83,742500,30.67
2013-10-01,30.72,31.12,30.70,30.94,1380100,30.78
2013-09-30,30.54,30.93,30.52,30.74,1536000,30.58
2013-09-27,30.87,30.99,30.63,30.86,893400,30.70
2013-09-26,30.87,31.15,30.67,30.97,998300,30.81
2013-09-25,31.29,31.40,30.86,30.86,1468600,30.70
2013-09-24,31.61,31.72,31.30,31.31,1055500,31.15
2013-09-23,31.85,31.88,31.35,31.64,956500,31.48
2013-09-20,32.06,32.08,31.64,31.96,1010600,31.79
2013-09-19,32.25,32.41,32.02,32.07,649400,31.90
2013-09-18,31.87,32.31,31.50,32.15,2669600,31.98
2013-09-17,31.79,32.03,31.72,31.81,692500,31.65
2013-09-16,32.07,32.31,31.82,31.88,609100,31.71
2013-09-13,31.79,31.88,31.56,31.66,621900,31.50
2013-09-12,31.53,31.86,31.53,31.69,690800,31.53
2013-09-11,31.58,31.77,31.56,31.58,919500,31.42
2013-09-10,31.64,32.02,31.47,31.57,1538500,31.41
2013-09-09,31.41,32.03,31.41,31.59,797400,31.43
2013-09-06,31.54,31.74,31.19,31.41,965000,31.25
2013-09-05,31.97,32.00,31.32,31.41,1543300,31.25
2013-09-04,31.67,32.04,31.59,31.98,1508000,31.81
2013-09-03,32.42,32.74,31.61,31.78,1997200,31.62
2013-08-30,32.41,32.59,32.24,32.31,1228000,32.14
2013-08-29,32.22,32.83,32.07,32.38,1683700,32.21
2013-08-28,32.36,32.47,32.24,32.37,1182000,32.03
2013-08-27,32.29,32.70,32.26,32.39,1354000,32.05
2013-08-26,32.86,33.02,32.44,32.52,986900,32.18
2013-08-23,32.51,32.91,32.47,32.91,663700,32.56
2013-08-22,32.60,32.71,32.46,32.48,639500,32.14
2013-08-21,32.76,32.76,32.38,32.55,1029800,32.21
2013-08-20,32.57,32.91,32.55,32.85,880700,32.50
2013-08-19,32.70,32.82,32.50,32.61,571800,32.27
2013-08-16,32.64,32.91,32.56,32.79,973000,32.44
2013-08-15,32.50,32.85,32.32,32.75,1589300,32.40
2013-08-14,33.11,33.31,32.78,32.80,814500,32.45
2013-08-13,33.65,33.69,33.14,33.16,1200200,32.81
2013-08-12,32.49,33.60,32.45,33.56,1302000,33.21
2013-08-09,33.90,33.94,32.71,32.75,1761100,32.40
2013-08-08,33.86,34.10,33.15,33.94,2072200,33.58
2013-08-07,34.29,34.32,33.81,33.83,1134600,33.47
2013-08-06,34.32,34.54,34.03,34.32,997000,33.96
2013-08-05,34.71,34.77,34.21,34.48,1217800,34.12
2013-08-02,35.66,35.76,34.80,35.00,1152900,34.63
2013-08-01,35.51,36.01,35.49,35.76,1207000,35.38
2013-07-31,34.95,35.44,34.95,35.21,648700,34.84
2013-07-30,35.20,35.48,34.90,34.93,617400,34.56
2013-07-29,34.98,35.30,34.93,35.07,367800,34.70
2013-07-26,34.78,35.13,34.69,35.07,435400,34.70
2013-07-25,34.75,35.28,34.56,35.13,480900,34.76
2013-07-24,35.11,35.15,34.67,34.80,1261500,34.43
2013-07-23,34.96,35.14,34.80,34.99,754400,34.62
2013-07-22,34.75,35.03,34.66,34.97,418900,34.60
2013-07-19,34.69,34.84,34.61,34.74,656700,34.37
2013-07-18,34.69,34.90,34.57,34.67,890200,34.30
2013-07-17,34.65,34.72,34.42,34.70,651700,34.33
2013-07-16,34.72,34.95,34.40,34.51,894800,34.15
2013-07-15,34.30,34.69,34.29,34.63,863900,34.26
2013-07-12,34.27,34.39,34.04,34.33,577800,33.97
2013-07-11,33.91,34.26,33.91,34.22,1526100,33.86
2013-07-10,33.59,33.67,33.37,33.59,669600,33.24
2013-07-09,33.05,33.62,33.00,33.52,1904500,33.17
2013-07-08,33.07,33.20,32.96,33.03,1479300,32.68
2013-07-05,32.86,33.16,32.70,33.02,620500,32.67
2013-07-03,32.79,32.93,32.59,32.77,688900,32.42
2013-07-02,33.17,33.38,32.79,32.85,1043700,32.50
2013-07-01,33.20,33.42,33.08,33.15,1566600,32.80
2013-06-28,32.86,33.28,32.78,33.08,1731000,32.73
2013-06-27,33.00,33.42,32.93,32.97,1114800,32.62
2013-06-26,32.95,33.12,32.73,32.79,2910100,32.44
2013-06-25,32.41,32.87,32.26,32.72,1908600,32.37
2013-06-24,32.18,32.54,31.75,32.23,1137200,31.89
2013-06-21,32.41,32.60,31.96,32.50,1369800,32.16
2013-06-20,33.28,33.32,32.11,32.29,1600800,31.95
2013-06-19,33.60,34.33,33.38,33.39,1477700,33.04
2013-06-18,33.07,33.58,32.71,33.54,1648800,33.19
2013-06-17,33.36,33.63,33.12,33.18,1111400,32.83
2013-06-14,33.03,33.27,32.72,33.20,1072800,32.85
2013-06-13,33.39,33.52,32.80,33.13,1694600,32.78
2013-06-12,33.85,34.07,33.46,33.53,689400,33.18
2013-06-11,33.64,34.00,33.44,33.76,1227500,33.40
2013-06-10,34.88,34.90,33.81,33.90,1389500,33.54
2013-06-07,33.94,34.94,33.94,34.92,2320800,34.55
2013-06-06,34.04,34.17,33.59,33.78,1006700,33.42
2013-06-05,34.74,34.77,34.00,34.04,1460500,33.68
2013-06-04,34.80,35.09,34.52,34.78,1386300,34.41
2013-06-03,34.61,34.90,34.08,34.85,1696700,34.48
2013-05-31,34.89,35.23,34.62,34.64,1161700,34.27
2013-05-30,35.10,35.20,34.79,35.07,665700,34.70
2013-05-29,35.60,35.88,34.83,35.10,1419200,34.61
2013-05-28,35.61,35.81,35.20,35.40,875400,34.90
2013-05-24,35.40,35.46,35.10,35.41,579500,34.91
2013-05-23,35.39,35.61,35.03,35.48,970800,34.98
2013-05-22,35.99,36.28,35.42,35.48,887900,34.98
2013-05-21,36.08,36.24,35.68,36.04,1045200,35.53
2013-05-20,36.53,36.64,35.93,35.98,1102600,35.47
2013-05-17,36.99,36.99,36.25,36.60,1528300,36.08
2013-05-16,36.68,37.28,36.59,36.77,1369400,36.25
2013-05-15,36.17,36.76,36.09,36.65,1436500,36.13
2013-05-14,35.75,36.48,35.73,36.17,1317100,35.66
2013-05-13,35.24,35.90,35.15,35.76,637500,35.26
2013-05-10,35.10,35.33,35.07,35.19,358300,34.69
2013-05-09,35.14,35.33,34.95,35.02,664400,34.53
2013-05-08,35.08,35.40,34.96,35.05,717400,34.56
2013-05-07,34.71,35.28,34.64,35.08,966400,34.59
2013-05-06,34.85,34.99,34.51,34.60,1537300,34.11
2013-05-03,34.95,35.39,34.89,34.91,1731200,34.42
2013-05-02,35.17,35.17,33.27,34.77,5151700,34.28
2013-05-01,36.04,36.18,35.57,35.57,1648400,35.07
2013-04-30,35.71,35.91,35.53,35.91,2113800,35.40
2013-04-29,35.80,35.88,35.44,35.53,1143500,35.03
2013-04-26,35.66,35.90,35.52,35.66,1098700,35.16
2013-04-25,35.19,35.66,35.19,35.66,1017000,35.16
2013-04-24,35.62,35.80,35.13,35.21,773000,34.71
2013-04-23,35.06,35.62,35.06,35.62,757200,35.12
2013-04-22,34.77,35.18,34.63,34.98,784400,34.49
2013-04-19,35.10,35.10,34.69,34.71,1246100,34.22
2013-04-18,34.71,35.04,34.71,34.82,786100,34.33
2013-04-17,34.90,35.00,34.57,34.70,1300600,34.21
2013-04-16,35.06,35.17,34.83,35.04,1272600,34.55
2013-04-15,35.37,35.49,34.71,34.79,1603800,34.30
2013-04-12,35.19,35.55,35.15,35.36,1127100,34.86
2013-04-11,34.95,35.38,34.81,35.25,756100,34.75
2013-04-10,34.45,35.10,34.45,34.99,1051400,34.50
2013-04-09,33.96,34.58,33.84,34.44,1967900,33.96
2013-04-08,33.22,33.92,33.21,33.92,800900,33.44
2013-04-05,33.03,33.42,32.39,33.20,1349000,32.73
2013-04-04,33.70,33.84,33.12,33.32,1785200,32.85
2013-04-03,33.85,34.08,33.55,33.63,1866900,33.16
2013-04-02,34.73,34.97,33.60,33.81,2033400,33.33
2013-04-01,34.97,35.09,34.43,34.52,767000,34.03
2013-03-28,34.74,35.19,34.61,35.15,727800,34.66
2013-03-27,34.40,34.78,34.25,34.78,621200,34.29
2013-03-26,34.38,34.54,34.31,34.50,374400,34.01
2013-03-25,34.26,34.57,33.92,34.25,608700,33.77
2013-03-22,33.96,34.28,33.92,34.09,1351600,33.61
2013-03-21,34.07,34.28,33.57,33.77,1462800,33.29
2013-03-20,34.03,34.25,33.81,34.23,643600,33.75
2013-03-19,33.80,34.09,33.56,33.91,667300,33.43
2013-03-18,33.52,33.87,33.47,33.77,768700,33.29
2013-03-15,33.84,33.94,33.69,33.77,1060700,33.29
2013-03-14,33.87,34.09,33.78,33.96,638200,33.48
2013-03-13,33.37,33.83,33.31,33.79,636700,33.31
2013-03-12,33.14,33.50,33.07,33.38,731100,32.91
2013-03-11,33.52,33.68,33.21,33.25,813400,32.78
2013-03-08,33.51,33.72,33.40,33.61,860400,33.14
2013-03-07,33.08,33.72,32.88,33.46,1234300,32.99
2013-03-06,33.14,33.28,32.88,33.00,599200,32.54
2013-03-05,32.90,33.13,32.77,33.04,1030300,32.57
2013-03-04,32.65,32.75,32.43,32.74,876900,32.28
2013-03-01,32.32,32.70,32.00,32.65,1645600,32.19
2013-02-28,32.65,32.80,32.38,32.40,1164600,31.94
2013-02-27,32.28,32.68,32.17,32.67,1270400,32.21
2013-02-26,32.43,32.61,32.18,32.30,1818300,31.72
2013-02-25,33.26,33.40,32.37,32.39,1690300,31.81
2013-02-22,32.78,32.82,32.46,32.69,1200000,32.11
2013-02-21,32.48,32.84,32.41,32.54,3841100,31.96
2013-02-20,32.32,32.59,32.04,32.57,2328700,31.99
2013-02-19,32.22,32.32,32.16,32.31,1727900,31.73
2013-02-15,32.37,32.50,31.99,32.12,1442200,31.55
2013-02-14,32.32,32.59,32.20,32.29,1707600,31.71
2013-02-13,32.25,32.46,32.08,32.22,1125300,31.64
2013-02-12,32.30,32.43,32.17,32.28,936800,31.70
2013-02-11,32.28,32.31,32.18,32.21,848200,31.63
2013-02-08,32.22,32.38,32.13,32.26,764900,31.68
2013-02-07,32.12,32.26,31.92,32.21,1814100,31.63
2013-02-06,31.76,32.25,31.74,32.08,1933800,31.51
2013-02-05,31.74,32.10,31.63,31.82,1537100,31.25
2013-02-04,31.55,31.80,31.40,31.73,1853400,31.16
2013-02-01,31.24,31.74,31.08,31.55,3007000,30.99
2013-01-31,32.00,32.01,30.45,30.98,4620200,30.43
2013-01-30,30.45,30.63,30.21,30.26,1236900,29.72
2013-01-29,30.51,30.70,30.43,30.50,1118400,29.95
2013-01-28,30.78,30.99,30.46,30.58,1515700,30.03
2013-01-25,30.85,30.86,30.59,30.78,1237400,30.23
2013-01-24,30.70,30.92,30.59,30.59,1865400,30.04
2013-01-23,30.29,30.69,30.22,30.60,1726600,30.05
2013-01-22,30.18,30.50,30.08,30.20,1209100,29.66
2013-01-18,30.15,30.20,29.98,30.01,1365400,29.47
2013-01-17,30.18,30.26,29.98,30.11,896600,29.57
2013-01-16,29.92,30.09,29.75,30.06,1186000,29.52
2013-01-15,29.68,30.06,29.55,30.00,1573700,29.46
2013-01-14,29.50,29.82,29.30,29.82,1224800,29.29
2013-01-11,29.30,29.64,29.19,29.58,1666700,29.05
2013-01-10,29.60,29.75,29.19,29.28,1870300,28.76
2013-01-09,29.20,29.70,29.19,29.48,3354300,28.95
2013-01-08,29.26,29.40,28.94,29.08,1013800,28.56
2013-01-07,29.17,29.29,29.00,29.27,1224300,28.75
2013-01-04,28.70,29.24,28.61,29.17,1737600,28.65
2013-01-03,29.29,29.34,28.04,28.60,3072700,28.09
2013-01-02,28.70,29.35,28.60,29.34,2036400,28.81
2012-12-31,27.41,28.17,27.30,28.14,1016300,27.64
2012-12-28,27.64,27.74,27.39,27.49,624600,27.00
2012-12-27,27.93,27.95,27.43,27.76,766000,27.26
2012-12-26,28.14,28.14,27.85,27.89,895400,27.39
2012-12-24,28.03,28.21,28.01,28.14,171100,27.64
2012-12-21,28.22,28.40,27.96,28.24,2162700,27.73
2012-12-20,28.30,28.53,28.13,28.46,958800,27.95
2012-12-19,28.26,28.52,28.21,28.22,872600,27.72
2012-12-18,28.47,28.66,28.16,28.40,1304500,27.89
2012-12-17,28.34,28.74,28.15,28.60,1254000,28.09
2012-12-14,27.91,28.46,27.91,28.37,864800,27.86
2012-12-13,28.14,28.63,28.14,28.44,1527000,27.93
2012-12-12,28.33,28.52,28.15,28.26,815800,27.75
2012-12-11,27.98,28.36,27.88,28.34,1389900,27.83
2012-12-10,28.05,28.11,27.81,27.86,992700,27.36
2012-12-07,28.25,28.36,27.78,28.10,1433600,27.60
2012-12-06,27.83,28.50,27.67,28.30,2356900,27.79
2012-12-05,27.89,27.99,27.59,27.93,729700,27.43
2012-12-04,27.98,28.03,27.67,27.76,955600,27.26
2012-12-03,27.84,27.99,27.71,27.92,938300,27.42
2012-11-30,27.88,27.93,27.54,27.85,988000,27.35
2012-11-29,27.67,27.96,27.67,27.89,1033800,27.39
2012-11-28,27.33,27.85,27.19,27.82,794700,27.20
2012-11-27,27.25,28.25,26.95,27.42,2282400,26.81
2012-11-26,27.01,27.39,27.01,27.37,688400,26.76
2012-11-23,26.75,27.47,26.60,27.37,273000,26.76
2012-11-21,26.69,27.15,26.58,27.14,628900,26.53
2012-11-20,26.87,26.95,26.59,26.82,778100,26.22
2012-11-19,26.91,27.09,26.69,26.89,1150300,26.29
2012-11-16,26.44,26.81,26.05,26.78,1304700,26.18
2012-11-15,26.09,26.58,26.04,26.44,1802500,25.85
2012-11-14,26.45,26.45,26.16,26.29,1283000,25.70
2012-11-13,26.15,26.47,26.01,26.35,1163100,25.76
2012-11-12,26.18,26.47,26.05,26.20,879400,25.62
2012-11-09,26.14,26.43,26.04,26.17,638400,25.59
2012-11-08,26.81,27.08,26.23,26.32,1135600,25.73
2012-11-07,27.41,27.58,26.67,26.85,1337600,26.25
2012-11-06,27.48,27.72,27.21,27.65,1287000,27.03
2012-11-05,27.20,27.46,26.99,27.38,1268800,26.77
2012-11-02,27.62,27.82,26.88,27.18,2370600,26.57
2012-11-01,26.80,27.50,26.74,27.50,4155700,26.89
2012-10-31,25.55,26.06,25.30,26.01,1574700,25.43
2012-10-26,25.86,25.86,24.96,25.48,2348200,24.91
2012-10-25,26.12,26.18,25.41,25.70,3504700,25.13
2012-10-24,26.23,26.27,25.76,26.00,971100,25.42
2012-10-23,26.08,26.28,25.81,26.24,1598700,25.65
2012-10-22,26.48,26.77,25.97,26.29,1237900,25.70
2012-10-19,27.25,27.27,26.52,26.57,754600,25.98
2012-10-18,27.19,27.33,26.89,27.30,1681100,26.69
2012-10-17,26.87,27.13,26.80,27.08,1385900,26.48
2012-10-16,26.50,26.82,26.34,26.82,893000,26.22
2012-10-15,26.43,26.50,26.24,26.45,612500,25.86
2012-10-12,26.61,26.63,26.28,26.33,664300,25.74
2012-10-11,26.25,27.01,26.23,26.50,1489900,25.91
2012-10-10,26.27,26.27,25.99,26.06,986400,25.48
2012-10-09,26.59,26.72,26.08,26.22,1291600,25.64
2012-10-08,26.25,26.68,26.25,26.53,749200,25.94
2012-10-05,26.51,26.88,26.36,26.38,855100,25.79
2012-10-04,26.35,26.44,26.18,26.34,1388100,25.75
2012-10-03,26.89,27.00,26.28,26.31,1363000,25.72
2012-10-02,26.56,27.14,26.56,26.91,1084300,26.31
2012-10-01,26.70,26.88,26.58,26.77,1773200,26.17
2012-09-28,26.64,26.85,26.55,26.78,1055900,26.18
2012-09-27,26.50,26.94,26.30,26.82,982400,26.22
2012-09-26,26.59,26.77,26.29,26.39,2538400,25.80
2012-09-25,27.00,27.15,26.58,26.59,3002100,26.00
2012-09-24,26.76,27.35,26.76,27.00,2618900,26.40
2012-09-21,27.30,27.40,26.95,27.34,1709700,26.73
2012-09-20,26.93,27.26,26.93,27.12,1312000,26.52
2012-09-19,27.04,27.23,26.90,27.04,1797000,26.44
2012-09-18,26.93,27.20,26.80,27.10,1496600,26.50
2012-09-17,26.76,27.21,26.64,27.07,1393500,26.47
2012-09-14,26.42,27.09,26.42,27.05,3090800,26.45
2012-09-13,25.54,26.58,25.52,26.49,1814000,25.90
2012-09-12,25.90,26.06,25.53,25.53,1265500,24.96
2012-09-11,26.35,26.48,25.89,25.89,1645900,25.31
2012-09-10,26.40,26.62,26.20,26.33,946600,25.74
2012-09-07,26.60,26.61,26.17,26.41,1184500,25.82
2012-09-06,26.49,26.93,26.34,26.63,1449400,26.04
2012-09-05,26.33,26.75,26.12,26.43,1865600,25.84
2012-09-04,26.02,26.38,25.84,26.28,1541700,25.69
2012-08-31,25.95,26.21,25.85,26.07,1116200,25.49
2012-08-30,25.91,26.12,25.70,25.85,1961800,25.27
2012-08-29,26.05,26.29,25.95,26.07,1209300,25.37
2012-08-28,25.04,26.37,25.04,26.03,743000,25.33
2012-08-27,26.10,26.15,25.91,26.04,756500,25.34
2012-08-24,25.90,26.12,25.80,26.04,897300,25.34
2012-08-23,25.42,26.02,25.41,25.85,1619300,25.15
2012-08-22,25.96,25.96,25.45,25.62,909000,24.93
2012-08-21,25.85,26.07,25.63,25.87,925300,25.17
2012-08-20,25.42,25.87,25.35,25.79,1039900,25.09
2012-08-17,25.45,25.61,25.19,25.56,1194500,24.87
2012-08-16,25.57,25.85,25.47,25.50,1171700,24.81
2012-08-15,25.35,25.94,25.32,25.76,2078300,25.06
2012-08-14,25.04,25.51,24.90,25.45,2472200,24.76
2012-08-13,25.15,25.48,24.82,24.87,1583100,24.20
2012-08-10,25.78,25.78,24.91,25.32,2403000,24.64
2012-08-09,25.34,26.88,24.62,25.75,5392500,25.05
2012-08-08,25.32,25.47,25.01,25.16,3884600,24.48
2012-08-07,25.27,25.52,25.00,25.24,2084200,24.56
2012-08-06,25.42,25.70,25.26,25.27,2386700,24.59
2012-08-03,25.38,26.01,24.37,25.43,4021600,24.74
2012-08-02,25.13,25.22,24.31,24.46,3132900,23.80
2012-08-01,25.83,26.15,24.41,25.16,2880000,24.48
2012-07-31,25.37,25.76,24.34,25.61,3037600,24.92
2012-07-30,25.54,25.63,25.31,25.50,3158000,24.81
2012-07-27,25.25,25.69,24.88,25.54,3097700,24.85
2012-07-26,25.50,25.79,25.24,25.34,3039600,24.66
2012-07-25,25.85,25.85,25.04,25.46,3793000,24.77
2012-07-24,26.15,26.69,25.48,25.59,2610200,24.90
2012-07-23,25.55,26.21,25.55,26.10,2722500,25.40
2012-07-20,26.13,26.59,25.81,26.39,3976400,25.68
2012-07-19,26.62,26.95,26.21,26.24,3495100,25.53
2012-07-18,26.60,26.96,26.55,26.70,3968600,25.98
2012-07-17,27.58,27.58,26.48,26.57,4145700,25.85
2012-07-16,27.28,27.63,27.25,27.26,1966300,26.52
2012-07-13,27.57,27.86,27.50,27.74,1711700,26.99
2012-07-12,27.94,28.17,27.25,27.56,2928500,26.82
2012-07-11,28.28,28.30,27.95,28.00,2542800,27.24
2012-07-10,28.30,28.67,28.13,28.42,3854400,27.65
2012-07-09,29.19,29.19,28.61,28.77,6371900,27.99
2012-07-06,28.99,29.84,28.71,29.56,3480300,28.76
2012-07-05,29.90,30.39,29.73,29.73,4100500,28.93
2012-07-03,30.30,30.43,29.43,29.99,6439000,29.18
2012-07-02,28.94,29.75,28.55,29.75,4212600,28.95
2012-06-29,28.49,29.59,27.56,28.99,8473200,28.21
2012-06-28,18.55,18.93,18.34,18.50,79029900,42.33
2012-06-27,18.81,18.93,18.49,18.63,14274400,42.63
2012-06-26,18.90,18.91,18.73,18.78,7911700,42.97
2012-06-25,19.05,19.12,18.83,18.86,6963100,43.15
2012-06-22,19.24,19.29,19.15,19.18,6547600,43.88
2012-06-21,19.22,19.31,19.06,19.21,6442900,43.95
2012-06-20,18.57,19.34,18.57,19.23,9563400,44.00
2012-06-19,18.64,18.77,18.24,18.61,10074600,42.58
2012-06-18,18.87,18.99,18.62,18.63,6740300,42.63
2012-06-15,19.04,19.11,18.74,18.90,4992500,43.24
2012-06-14,19.08,19.22,18.95,19.06,5226700,43.61
2012-06-13,19.15,19.36,18.92,18.98,9415200,43.43
2012-06-12,19.49,19.55,19.03,19.03,13106100,43.54
2012-06-11,20.24,20.25,19.46,19.47,7959700,44.55
2012-06-08,20.29,20.36,20.03,20.13,7245400,46.06
2012-06-07,20.55,20.68,20.25,20.29,5069900,46.42
2012-06-06,20.54,20.63,20.18,20.55,7221500,47.02
2012-06-05,20.39,20.73,20.25,20.53,5201100,46.97
2012-06-04,20.48,20.62,20.25,20.44,4557800,46.77
2012-06-01,20.96,21.00,20.41,20.44,6320000,46.77
2012-05-31,21.11,21.12,20.82,20.90,4293600,47.82
2012-05-30,21.47,21.47,20.99,21.05,3531600,48.16
2012-05-29,21.28,21.50,21.21,21.48,4962700,49.15
2012-05-25,20.91,21.34,20.81,21.19,5952000,48.48
2012-05-24,20.66,20.85,20.57,20.83,5574500,47.66
2012-05-23,20.77,20.96,20.46,20.64,3790700,47.22
2012-05-22,20.95,21.17,20.76,20.84,2936200,47.68
2012-05-21,20.70,20.89,20.65,20.84,2216400,47.68
2012-05-18,20.86,21.08,20.61,20.65,3334600,47.25
2012-05-17,21.22,21.27,20.74,20.80,4407800,47.59
2012-05-16,21.13,21.27,21.01,21.16,3872400,48.41
2012-05-15,21.24,21.28,21.02,21.10,2287800,48.28
2012-05-14,21.32,21.38,21.14,21.22,2982800,48.55
2012-05-11,21.84,21.84,21.38,21.42,6118900,49.01
2012-05-10,21.83,21.86,21.59,21.85,5478800,49.99
2012-05-09,21.71,21.89,21.58,21.63,4629000,49.49
2012-05-08,21.86,21.92,21.71,21.91,4003200,50.13
2012-05-07,21.85,22.01,21.85,22.01,4041500,50.36
2012-05-04,21.84,22.02,21.79,21.96,4453400,50.24
2012-05-03,22.01,22.32,21.65,22.12,8571400,50.61
2012-05-02,21.97,22.35,21.86,22.32,5909500,51.07
2012-05-01,22.01,22.13,21.82,22.03,2894000,50.41
2012-04-30,21.98,22.12,21.89,22.04,1687800,50.43
2012-04-27,22.11,22.11,21.90,22.03,2034100,50.41
2012-04-26,21.86,22.06,21.78,22.00,2154500,50.34
2012-04-25,21.79,21.89,21.71,21.87,2334800,50.04
2012-04-24,21.48,21.78,21.43,21.71,2751400,49.67
2012-04-23,21.50,21.54,21.22,21.42,2463100,49.01
2012-04-20,21.72,21.84,21.63,21.69,2886200,49.63
2012-04-19,21.64,21.72,21.51,21.68,2091000,49.60
2012-04-18,21.58,21.75,21.49,21.68,2571600,49.60
2012-04-17,21.60,21.72,21.41,21.66,2086600,49.56
2012-04-16,21.61,21.65,21.37,21.54,1584900,49.28
2012-04-13,21.65,21.72,21.40,21.50,2523800,49.19
2012-04-12,21.24,21.36,21.08,21.31,1710500,48.76
2012-04-11,21.26,21.40,21.13,21.22,2320400,48.55
2012-04-10,21.12,21.37,20.99,20.99,3460500,48.03
2012-04-09,21.38,21.38,21.10,21.17,2804000,48.44
2012-04-05,21.52,21.59,21.38,21.51,3331500,49.22
2012-04-04,21.68,21.75,21.56,21.60,1949200,49.42
2012-04-03,21.80,21.80,21.59,21.78,2737800,49.83
2012-04-02,21.53,21.88,21.50,21.81,3207200,49.90
2012-03-30,21.60,21.60,21.48,21.53,1859200,49.26
2012-03-29,21.43,21.50,21.25,21.43,2911900,49.03
2012-03-28,21.59,21.68,21.26,21.45,2392700,49.08
2012-03-27,21.60,21.78,21.54,21.62,2303100,49.47
2012-03-26,21.66,21.70,21.50,21.58,1616800,49.38
2012-03-23,21.58,21.58,21.40,21.45,1494600,49.08
2012-03-22,21.62,21.67,21.39,21.61,1555200,49.44
2012-03-21,21.64,21.86,21.60,21.81,2707700,49.90
2012-03-20,21.37,21.61,21.31,21.60,2690800,49.42
2012-03-19,21.30,21.57,21.27,21.51,2799800,49.22
2012-03-16,21.29,21.51,21.28,21.39,3446400,48.94
2012-03-15,21.46,21.46,20.99,21.26,4606400,48.64
2012-03-14,21.45,21.60,21.27,21.40,2438900,48.96
2012-03-13,21.43,21.69,21.33,21.54,4073900,49.28
2012-03-12,21.45,21.46,21.15,21.26,3520900,48.64
2012-03-09,21.65,21.74,21.17,21.38,4734400,48.92
2012-03-08,21.24,21.89,21.15,21.74,8609700,49.74
2012-03-07,20.96,21.38,20.92,21.32,4455400,48.78
2012-03-06,21.11,21.39,20.72,20.77,5831800,47.52
2012-03-05,21.80,21.85,21.22,21.24,4680800,48.60
2012-03-02,21.24,22.04,21.07,21.83,9676500,49.95
2012-03-01,20.26,20.64,20.22,20.39,2753000,46.65
2012-02-29,20.17,20.57,20.00,20.25,3910100,46.33
2012-02-28,20.21,20.34,20.13,20.16,1743200,46.13
2012-02-27,20.15,20.31,20.07,20.21,1901200,45.98
2012-02-24,20.30,20.32,20.17,20.27,2631400,46.11
2012-02-23,20.14,20.30,20.08,20.30,1100000,46.18
2012-02-22,20.15,20.25,20.08,20.18,1904400,45.91
2012-02-21,20.29,20.30,20.08,20.13,1274300,45.80
2012-02-17,20.29,20.32,20.18,20.29,1797400,46.16
2012-02-16,20.25,20.36,20.19,20.26,2168600,46.09
2012-02-15,20.28,20.43,20.20,20.24,1609600,46.05
2012-02-14,19.95,20.27,19.95,20.25,2168300,46.07
2012-02-13,20.13,20.16,19.90,20.04,1453600,45.59
2012-02-10,19.82,19.91,19.72,19.80,1157900,45.04
2012-02-09,19.95,20.01,19.81,19.97,1377500,45.43
2012-02-08,19.83,20.02,19.78,19.99,2427000,45.48
2012-02-07,19.94,20.01,19.80,19.81,1866100,45.07
2012-02-06,19.90,20.01,19.87,19.94,1702000,45.36
2012-02-03,19.93,20.23,19.73,20.00,2754200,45.50
2012-02-02,19.25,19.96,19.14,19.85,6513600,45.16
2012-02-01,19.21,19.31,18.99,19.02,2463200,43.27
2012-01-31,19.02,19.17,18.93,19.15,1937500,43.57
2012-01-30,18.95,19.04,18.82,19.00,1104700,43.22
2012-01-27,19.14,19.19,19.01,19.07,1312600,43.38
2012-01-26,19.22,19.33,19.10,19.17,1418900,43.61
2012-01-25,18.95,19.24,18.92,19.16,1232900,43.59
2012-01-24,19.10,19.16,18.98,19.03,1193600,43.29
2012-01-23,19.18,19.34,19.14,19.19,997300,43.66
2012-01-20,19.37,19.43,19.09,19.24,1842200,43.77
2012-01-19,19.30,19.44,19.21,19.40,2729900,44.13
2012-01-18,18.97,19.27,18.90,19.25,2794700,43.79
2012-01-17,19.19,19.20,18.98,18.98,1357900,43.18
2012-01-13,18.93,19.20,18.93,19.05,1813500,43.34
2012-01-12,19.04,19.10,18.94,18.97,918300,43.16
2012-01-11,18.86,19.09,18.81,19.00,1949300,43.22
2012-01-10,19.06,19.08,18.89,18.91,1882500,43.02
2012-01-09,18.95,18.98,18.88,18.92,1731500,43.04
2012-01-06,18.86,19.02,18.75,18.90,2336300,43.00
2012-01-05,18.76,18.96,18.67,18.87,1519700,42.93
2012-01-04,18.77,19.02,18.61,18.88,1818700,42.95
2012-01-03,19.07,19.10,18.79,18.79,1990800,42.75
2011-12-30,18.98,19.08,18.88,18.92,1172500,43.04
2011-12-29,18.91,19.05,18.86,19.00,1205900,43.22
2011-12-28,18.94,18.97,18.77,18.92,1067700,43.04
2011-12-27,18.79,19.01,18.79,18.91,958400,43.02
2011-12-23,18.85,18.91,18.80,18.87,1360500,42.93
2011-12-22,18.77,18.90,18.61,18.84,1635700,42.86
2011-12-21,18.77,18.85,18.66,18.74,1718700,42.63
2011-12-20,18.54,18.80,18.50,18.72,1631100,42.59
2011-12-19,18.43,18.55,18.33,18.37,3306200,41.79
2011-12-16,18.46,18.74,18.36,18.42,2119000,41.91
2011-12-15,18.50,18.60,18.38,18.40,1374400,41.86
2011-12-14,18.31,18.47,18.29,18.33,1389900,41.70
2011-12-13,18.57,18.69,18.26,18.32,1534400,41.68
2011-12-12,18.74,18.85,18.45,18.55,1854400,42.20
2011-12-09,18.73,18.98,18.70,18.84,1214300,42.86
2011-12-08,18.86,18.89,18.60,18.63,1423700,42.38
2011-12-07,18.90,19.06,18.77,18.94,1532400,43.09
2011-12-06,18.84,19.08,18.74,18.94,1990700,43.09
2011-12-05,19.16,19.16,18.63,18.78,2258700,42.72
2011-12-02,19.12,19.27,18.92,18.92,1410000,43.04
2011-12-01,18.99,19.23,18.91,19.04,1612700,43.32
2011-11-30,18.77,19.10,18.70,18.96,3233400,43.13
2011-11-29,18.23,18.43,18.16,18.37,1564000,41.79
2011-11-28,18.05,18.29,17.97,18.22,2148900,41.19
2011-11-25,17.65,17.89,17.65,17.74,378400,40.10
2011-11-23,17.76,17.89,17.62,17.71,1450900,40.04
2011-11-22,17.76,18.01,17.64,17.88,1213000,40.42
2011-11-21,18.00,18.04,17.69,17.75,1735500,40.13
2011-11-18,18.20,18.28,18.08,18.14,1725500,41.01
2011-11-17,18.17,18.36,18.01,18.20,1794100,41.14
2011-11-16,18.37,18.51,18.20,18.23,1297500,41.21
2011-11-15,18.61,18.64,18.28,18.55,1124100,41.93
2011-11-14,18.57,18.68,18.47,18.66,1444100,42.18
2011-11-11,18.71,19.02,18.66,18.75,1425900,42.39
2011-11-10,18.57,18.57,18.25,18.48,1295000,41.78
2011-11-09,18.45,18.52,18.29,18.36,2647600,41.51
2011-11-08,18.70,18.78,18.49,18.76,1363000,42.41
2011-11-07,18.43,18.60,18.42,18.60,1253400,42.05
2011-11-04,18.20,18.59,18.07,18.52,3225300,41.87
2011-11-03,17.70,18.82,17.58,18.70,3860000,42.27
2011-11-02,17.51,17.66,17.34,17.61,1752800,39.81
2011-11-01,17.44,17.56,17.23,17.39,2012200,39.31
2011-10-31,17.96,18.04,17.77,17.80,1747700,40.24
2011-10-28,18.07,18.32,17.96,18.17,1833200,41.08
2011-10-27,17.92,18.21,17.80,18.08,1952600,40.87
2011-10-26,17.58,17.69,17.43,17.61,1992700,39.81
2011-10-25,17.55,17.64,17.32,17.36,2232500,39.24
2011-10-24,17.80,17.81,17.61,17.65,1857200,39.90
2011-10-21,17.46,17.77,17.46,17.77,2381100,40.17
2011-10-20,17.36,17.41,17.03,17.26,2048900,39.02
2011-10-19,17.71,17.77,17.28,17.30,1959100,39.11
2011-10-18,17.42,17.87,17.22,17.70,2163800,40.01
2011-10-17,17.57,17.76,17.41,17.44,1783700,39.43
2011-10-14,17.65,17.76,17.56,17.76,1612400,40.15
2011-10-13,17.52,17.64,17.40,17.51,1784500,39.58
2011-10-12,17.35,17.74,17.30,17.60,2600400,39.79
2011-10-11,17.03,17.31,16.82,17.29,2098500,39.09
2011-10-10,16.70,16.80,16.61,16.71,2128400,37.78
2011-10-07,16.62,16.74,16.34,16.45,1642600,37.19
2011-10-06,16.14,16.56,16.08,16.49,2017000,37.28
2011-10-05,16.22,16.27,15.95,16.20,1924600,36.62
2011-10-04,15.82,16.25,15.66,16.19,2636600,36.60
2011-10-03,16.29,16.42,15.86,15.98,3636700,36.13
2011-09-30,16.73,16.90,16.34,16.35,2882900,36.96
2011-09-29,17.19,17.27,16.66,16.84,2942100,38.07
2011-09-28,17.44,17.52,16.95,16.97,1908700,38.36
2011-09-27,17.74,17.98,17.40,17.46,2190000,39.47
2011-09-26,17.11,17.60,17.03,17.56,2158100,39.70
2011-09-23,16.80,17.14,16.66,17.10,1967400,38.66
2011-09-22,16.75,16.94,16.53,16.86,3008400,38.11
2011-09-21,17.54,17.54,17.10,17.11,1488400,38.68
2011-09-20,17.33,17.81,17.26,17.46,3718100,39.47
2011-09-19,17.20,17.35,16.94,17.22,3503600,38.93
2011-09-16,17.65,17.69,17.42,17.50,3431600,39.56
2011-09-15,17.68,17.69,17.35,17.51,1394900,39.58
2011-09-14,17.30,17.57,17.04,17.43,2103200,39.40
2011-09-13,17.17,17.26,16.88,17.22,2481200,38.93
2011-09-12,17.16,17.26,16.92,17.17,1804900,38.82
2011-09-09,17.55,17.59,17.17,17.27,2600700,39.04
2011-09-08,17.74,17.90,17.63,17.74,1765500,40.10
2011-09-07,17.71,17.86,17.68,17.75,2073300,40.13
2011-09-06,17.18,17.63,16.96,17.53,2406000,39.63
2011-09-02,17.65,17.83,17.53,17.55,2068400,39.67
2011-09-01,17.95,18.06,17.82,17.87,1841400,40.40
2011-08-31,18.29,18.47,17.97,18.04,4295500,40.52
2011-08-30,18.09,18.25,17.89,18.15,1561900,40.77
2011-08-29,17.70,18.19,17.66,18.18,2288100,40.84
2011-08-26,17.24,17.62,17.00,17.56,1639400,39.44
2011-08-25,17.70,17.79,17.33,17.35,1809000,38.97
2011-08-24,17.61,17.72,17.43,17.67,1509400,39.69
2011-08-23,17.26,17.75,17.14,17.71,2972400,39.78
2011-08-22,17.59,17.63,17.15,17.20,1590100,38.64
2011-08-19,17.49,17.81,17.22,17.25,2731700,38.75
2011-08-18,17.94,18.18,17.20,17.60,5145700,39.53
2011-08-17,18.15,18.49,18.15,18.26,3877800,41.02
2011-08-16,17.73,18.09,17.56,17.98,2704400,40.39
2011-08-15,17.35,18.03,17.34,17.95,3932400,40.32
2011-08-12,17.10,17.57,16.95,17.38,2455000,39.04
2011-08-11,16.14,17.29,15.93,17.09,7058300,38.39
2011-08-10,17.62,17.90,17.28,17.31,4248400,38.88
2011-08-09,17.26,17.90,17.04,17.89,5388900,40.19
2011-08-08,18.19,18.36,17.13,17.13,4930600,38.48
2011-08-05,18.46,18.68,18.06,18.49,3984100,41.53
2011-08-04,18.84,18.96,18.27,18.29,3573500,41.08
2011-08-03,19.08,19.16,18.88,19.04,2411600,42.77
2011-08-02,18.76,19.34,18.71,19.11,3068100,42.93
2011-08-01,19.20,19.21,18.87,19.14,2662500,42.99
2011-07-29,19.15,19.27,18.96,19.11,1467400,42.93
2011-07-28,19.45,19.49,19.21,19.23,1385100,43.19
2011-07-27,19.45,19.65,19.33,19.42,2245300,43.62
2011-07-26,19.52,19.73,19.41,19.58,2100100,43.98
2011-07-25,19.40,19.70,19.32,19.48,1330600,43.76
2011-07-22,19.69,19.70,19.54,19.59,646200,44.00
2011-07-21,19.50,19.72,19.47,19.70,1329200,44.25
2011-07-20,19.60,19.64,19.37,19.40,1127300,43.58
2011-07-19,19.41,19.68,19.34,19.59,1430800,44.00
2011-07-18,19.41,19.43,19.08,19.36,1670400,43.49
2011-07-15,19.49,19.55,19.28,19.50,1372800,43.80
2011-07-14,19.43,19.72,19.37,19.50,3286200,43.80
2011-07-13,19.41,19.50,19.27,19.43,2107600,43.64
2011-07-12,19.43,19.62,19.31,19.36,1443200,43.49
2011-07-11,19.41,19.59,19.25,19.48,1977200,43.76
2011-07-08,19.55,19.68,19.47,19.62,1692000,44.07
2011-07-07,19.53,19.73,19.49,19.68,2226600,44.21
2011-07-06,19.25,19.45,19.20,19.43,1398300,43.64
2011-07-05,19.25,19.32,19.16,19.26,1317400,43.26
2011-07-01,19.10,19.37,18.97,19.32,1938100,43.40
2011-06-30,18.99,19.07,18.90,18.99,1311400,42.66
2011-06-29,18.90,18.99,18.80,18.92,1205500,42.50
2011-06-28,18.86,19.00,18.79,18.85,1064800,42.34
2011-06-27,18.65,18.89,18.62,18.82,1527400,42.27
2011-06-24,18.84,18.95,18.58,18.60,2363700,41.78
2011-06-23,18.74,18.85,18.51,18.83,2475800,42.30
2011-06-22,19.03,19.11,18.88,18.89,1391200,42.43
2011-06-21,19.26,19.32,19.08,19.11,1973300,42.93
2011-06-20,19.00,19.21,18.95,19.19,2027900,43.11
2011-06-17,19.07,19.32,18.99,19.03,3515800,42.75
2011-06-16,18.75,19.07,18.68,19.01,2541100,42.70
2011-06-15,19.03,19.21,18.74,18.76,2604200,42.14
2011-06-14,18.81,19.17,18.63,19.12,2904600,42.95
2011-06-13,18.69,18.78,18.51,18.69,1642900,41.98
2011-06-10,18.84,18.87,18.54,18.55,1669000,41.67
2011-06-09,18.68,18.99,18.60,18.88,1290500,42.41
2011-06-08,18.72,18.75,18.62,18.69,1216600,41.98
2011-06-07,18.78,19.00,18.74,18.75,2194900,42.12
2011-06-06,18.70,18.90,18.65,18.75,1280700,42.12
2011-06-03,18.81,18.97,18.69,18.74,2116200,42.09
2011-06-02,19.26,19.28,18.95,18.97,2913900,42.61
2011-06-01,19.53,19.56,19.25,19.27,2456800,43.28
2011-05-31,19.50,19.58,19.36,19.55,2345300,43.91
2011-05-27,19.41,19.61,19.26,19.44,1472200,43.67
2011-05-26,19.31,19.46,19.25,19.42,2253100,43.36
2011-05-25,19.36,19.48,19.28,19.36,1758900,43.23
2011-05-24,19.61,19.66,19.47,19.49,1907100,43.52
2011-05-23,19.47,19.71,19.40,19.62,1785100,43.81
2011-05-20,19.58,19.80,19.49,19.60,1663300,43.77
2011-05-19,19.55,19.79,19.50,19.66,2642000,43.90
2011-05-18,19.45,19.57,19.35,19.56,4478000,43.68
2011-05-17,19.27,19.49,19.14,19.43,3835200,43.39
2011-05-16,19.33,19.48,19.28,19.31,3474000,43.12
2011-05-13,18.96,19.49,18.96,19.26,3973900,43.01
2011-05-12,19.00,19.06,18.86,18.93,3597200,42.27
2011-05-11,18.95,19.10,18.83,18.89,4342000,42.18
2011-05-10,18.97,19.09,18.83,18.93,3829000,42.27
2011-05-09,19.24,19.30,18.97,18.99,6265400,42.40
2011-05-06,19.38,19.59,19.13,19.28,2169300,43.05
2011-05-05,19.02,19.74,18.70,19.28,3472200,43.05
2011-05-04,19.30,19.40,19.11,19.14,1622300,42.74
2011-05-03,19.20,19.37,19.01,19.27,3064000,43.03
2011-05-02,19.30,19.31,19.08,19.30,1593600,43.10
2011-04-29,19.12,19.25,19.06,19.20,1127800,42.87
2011-04-28,19.22,19.27,19.05,19.16,2384300,42.78
2011-04-27,19.03,19.29,18.89,19.28,2694200,43.05
2011-04-26,18.67,19.02,18.67,18.96,2509000,42.34
2011-04-25,18.70,18.85,18.52,18.62,1027400,41.58
2011-04-21,18.91,18.91,18.62,18.78,1382300,41.93
2011-04-20,18.75,18.91,18.68,18.85,2203700,42.09
2011-04-19,18.40,18.64,18.37,18.62,2249500,41.58
2011-04-18,18.39,18.53,18.19,18.36,4539000,41.00
2011-04-15,18.44,18.65,18.42,18.53,2093700,41.38
2011-04-14,18.32,18.45,18.25,18.37,2440700,41.02
2011-04-13,18.39,18.43,18.27,18.36,1631200,41.00
2011-04-12,18.42,18.45,18.30,18.38,1602800,41.04
2011-04-11,18.32,18.50,18.22,18.45,1879600,41.20
2011-04-08,18.36,18.50,18.28,18.35,1872200,40.97
2011-04-07,18.15,18.35,18.11,18.33,1780700,40.93
2011-04-06,18.10,18.30,18.06,18.19,1779000,40.62
2011-04-05,17.99,18.24,17.92,18.03,3151700,40.26
2011-04-04,17.93,18.07,17.87,18.03,1726300,40.26
2011-04-01,17.74,17.98,17.71,17.90,2804900,39.97
2011-03-31,17.75,17.83,17.62,17.67,1803300,39.46
2011-03-30,17.95,17.95,17.70,17.70,3214600,39.52
2011-03-29,17.83,17.95,17.71,17.92,1677600,40.01
2011-03-28,17.86,17.98,17.85,17.88,1435400,39.92
2011-03-25,17.78,18.00,17.77,17.84,2082200,39.84
2011-03-24,17.73,17.90,17.68,17.80,2378200,39.75
2011-03-23,17.46,17.70,17.38,17.62,4017400,39.34
2011-03-22,17.27,17.49,17.17,17.49,3404700,39.05
2011-03-21,17.14,17.28,17.00,17.26,2567800,38.54
2011-03-18,16.85,17.13,16.78,16.98,5662400,37.92
2011-03-17,16.92,16.94,16.50,16.67,4100500,37.22
2011-03-16,16.83,17.04,16.67,16.78,5617600,37.47
2011-03-15,16.75,16.95,16.58,16.88,3671000,37.69
2011-03-14,16.98,17.24,16.95,17.01,3287200,37.98
2011-03-11,16.83,17.16,16.82,17.05,2527600,38.07
2011-03-10,16.92,16.99,16.70,16.76,2329200,37.42
2011-03-09,16.88,17.02,16.79,16.99,2617000,37.94
2011-03-08,16.66,16.95,16.51,16.93,2286600,37.80
2011-03-07,16.83,16.88,16.56,16.64,2042500,37.16
2011-03-04,17.08,17.12,16.66,16.83,3506900,37.58
2011-03-03,17.07,17.16,16.98,17.10,4123100,38.18
2011-03-02,16.93,17.09,16.86,16.99,2622000,37.94
2011-03-01,17.18,17.29,16.88,16.89,3707800,37.71
2011-02-28,17.18,17.23,17.05,17.12,5418900,38.23
2011-02-25,16.91,17.25,16.87,17.14,4324300,38.27
2011-02-24,16.96,17.21,16.86,16.97,4578300,37.64
2011-02-23,16.95,17.23,16.93,17.00,3991300,37.70
2011-02-22,16.85,17.24,16.82,17.00,3504100,37.70
2011-02-18,16.98,17.02,16.93,17.01,2741900,37.72
2011-02-17,16.85,17.27,16.85,16.96,8765000,37.61
2011-02-16,16.91,17.02,16.77,16.97,2790700,37.64
2011-02-15,16.74,16.96,16.45,16.89,5532200,37.46
2011-02-14,17.00,17.03,16.73,16.74,5614100,37.13
2011-02-11,16.92,17.08,16.92,17.00,1893300,37.70
2011-02-10,16.85,17.03,16.82,17.00,2415400,37.70
2011-02-09,17.08,17.08,16.80,16.91,3930600,37.50
2011-02-08,16.79,17.37,16.75,17.15,7859000,38.04
2011-02-07,17.02,17.10,16.88,16.92,2373800,37.53
2011-02-04,17.00,17.03,16.88,17.02,1889000,37.75
2011-02-03,16.93,17.05,16.89,16.96,2183800,37.61
2011-02-02,16.89,17.10,16.84,16.99,2307600,37.68
2011-02-01,16.99,17.24,16.88,17.19,5593200,38.12
2011-01-31,17.34,17.36,16.95,16.97,5372800,37.64
2011-01-28,17.32,17.52,17.02,17.17,8330100,38.08
2011-01-27,18.47,18.56,17.11,17.64,17938200,39.12
2011-01-26,18.93,19.35,18.34,18.52,15265300,41.07
2011-01-25,18.32,20.26,18.08,19.64,18663900,43.56
2011-01-24,18.94,19.09,18.29,18.36,7096900,40.72
2011-01-21,18.41,18.82,18.30,18.70,4960500,41.47
2011-01-20,18.21,18.34,18.21,18.27,2146400,40.52
2011-01-19,18.20,18.39,18.15,18.27,2346800,40.52
2011-01-18,18.41,18.42,18.15,18.20,2840500,40.36
2011-01-14,18.28,18.39,18.21,18.35,1652800,40.70
2011-01-13,18.28,18.38,18.18,18.33,2631900,40.65
2011-01-12,18.21,18.34,18.00,18.18,3089900,40.32
2011-01-11,18.33,18.35,17.88,18.01,5390900,39.94
2011-01-10,17.90,18.22,17.71,18.21,5641900,40.39
2011-01-07,17.40,17.48,17.26,17.43,2740900,38.66
2011-01-06,17.43,17.57,16.90,17.46,6355900,38.72
2011-01-05,17.35,17.52,17.27,17.46,2835800,38.72
2011-01-04,17.51,17.53,17.33,17.41,2143200,38.61
2011-01-03,17.61,17.61,17.48,17.48,2964000,38.77
2010-12-31,17.54,17.57,17.47,17.51,933600,38.83
2010-12-30,17.56,17.59,17.49,17.52,831300,38.86
2010-12-29,17.63,17.64,17.49,17.49,1484300,38.79
2010-12-28,17.54,17.62,17.49,17.55,975600,38.92
2010-12-27,17.48,17.58,17.38,17.51,1745800,38.83
2010-12-23,17.45,17.57,17.35,17.52,1726000,38.86
2010-12-22,17.57,17.64,17.44,17.50,1598200,38.81
2010-12-21,17.68,17.69,17.43,17.53,3381200,38.88
2010-12-20,16.87,17.72,16.82,17.69,7338900,39.23
2010-12-17,16.30,17.62,16.29,17.26,8100400,38.28
2010-12-16,16.13,16.45,16.11,16.39,2936200,36.35
2010-12-15,16.24,16.36,16.12,16.15,2823300,35.82
2010-12-14,15.93,16.31,15.93,16.26,3944900,36.06
2010-12-13,16.05,16.06,15.72,15.89,2740500,35.24
2010-12-10,15.84,16.08,15.78,16.00,3390400,35.48
2010-12-09,15.65,15.89,15.65,15.84,2068900,35.13
2010-12-08,15.68,16.05,15.56,15.59,4239300,34.58
2010-12-07,15.60,15.87,15.49,15.71,3248400,34.84
2010-12-06,15.17,15.53,15.05,15.47,2530000,34.31
2010-12-03,15.09,15.25,15.00,15.24,1404700,33.80
2010-12-02,15.32,15.33,14.99,15.16,2781400,33.62
2010-12-01,15.08,15.39,15.02,15.32,1949000,33.98
2010-11-30,14.95,15.21,14.94,15.00,2063000,33.27
2010-11-29,15.03,15.13,14.94,15.08,1968800,33.44
2010-11-26,15.25,15.35,15.18,15.26,522100,33.59
2010-11-24,15.15,15.39,15.12,15.29,1950300,33.65
2010-11-23,15.09,15.22,15.03,15.06,1926800,33.15
2010-11-22,15.33,15.37,15.06,15.19,2360600,33.43
2010-11-19,15.35,15.37,15.11,15.30,1752200,33.68
2010-11-18,15.39,15.45,15.24,15.39,2850900,33.87
2010-11-17,14.93,15.40,14.90,15.32,3953600,33.72
2010-11-16,14.93,15.05,14.65,14.90,3015900,32.80
2010-11-15,15.28,15.33,15.00,15.02,2862400,33.06
2010-11-12,15.35,15.40,15.23,15.28,2735300,33.63
2010-11-11,15.29,15.53,15.25,15.45,2392400,34.01
2010-11-10,15.15,15.41,15.09,15.41,3375700,33.92
2010-11-09,14.85,15.54,14.82,15.21,6905100,33.48
2010-11-08,14.65,14.88,14.63,14.80,1610900,32.58
2010-11-05,14.78,14.80,14.60,14.71,1220600,32.38
2010-11-04,14.68,14.87,14.66,14.80,1511900,32.58
2010-11-03,14.72,14.78,14.48,14.62,1768600,32.18
2010-11-02,14.36,14.78,14.36,14.73,2970000,32.42
2010-11-01,14.36,14.45,14.21,14.26,2124800,31.39
2010-10-29,14.51,14.73,14.33,14.33,2411900,31.54
2010-10-28,14.56,14.67,14.48,14.54,1083800,32.00
2010-10-27,14.67,14.68,14.48,14.51,2213100,31.94
2010-10-26,14.44,14.96,14.24,14.81,4057900,32.60
2010-10-25,14.53,14.67,14.47,14.50,1192600,31.92
2010-10-22,14.52,14.64,14.45,14.50,1610200,31.92
2010-10-21,14.54,14.65,14.44,14.53,1297400,31.98
2010-10-20,14.44,14.66,14.44,14.49,1793700,31.89
2010-10-19,14.51,14.65,14.38,14.40,1632300,31.70
2010-10-18,14.94,14.94,14.59,14.66,2708900,32.27
2010-10-15,14.85,14.97,14.68,14.87,3231900,32.73
2010-10-14,14.80,14.86,14.65,14.81,2387200,32.60
2010-10-13,14.59,14.86,14.55,14.80,3506900,32.58
2010-10-12,14.31,14.62,14.27,14.54,3450000,32.00
2010-10-11,14.30,14.58,14.27,14.42,3446600,31.74
2010-10-08,14.02,14.32,14.01,14.24,2880100,31.34
2010-10-07,14.30,14.33,14.00,14.03,2628300,30.88
2010-10-06,14.32,14.39,14.15,14.25,3149500,31.37
2010-10-05,14.43,14.45,14.23,14.37,4894400,31.63
2010-10-04,15.05,15.15,14.29,14.40,14947200,31.70
2010-10-01,13.44,13.52,13.22,13.43,4199900,29.56
2010-09-30,13.65,13.70,13.41,13.43,3071800,29.56
2010-09-29,13.56,13.70,13.55,13.63,2175100,30.00
2010-09-28,13.67,13.72,13.48,13.60,4693400,29.93
2010-09-27,13.79,13.83,13.63,13.68,3064000,30.11
2010-09-24,13.90,13.93,13.68,13.76,3801900,30.29
2010-09-23,13.98,13.98,13.78,13.79,2367600,30.35
2010-09-22,14.14,14.25,14.01,14.02,2104200,30.86
2010-09-21,14.15,14.23,14.07,14.15,2997100,31.15
2010-09-20,14.09,14.23,14.02,14.18,2538500,31.21
2010-09-17,14.12,14.21,13.96,14.08,1966200,30.99
2010-09-16,14.07,14.19,14.02,14.08,3119000,30.99
2010-09-15,13.92,14.20,13.86,14.13,2966200,31.10
2010-09-14,14.03,14.07,13.84,13.88,4395000,30.55
2010-09-13,14.40,14.40,13.97,14.10,4001600,31.04
2010-09-10,14.49,14.50,14.32,14.34,2217800,31.56
2010-09-09,14.39,14.49,14.31,14.41,2670600,31.72
2010-09-08,14.32,14.43,14.23,14.26,2786800,31.39
2010-09-07,14.44,14.48,14.23,14.23,5317300,31.32
2010-09-03,14.40,14.55,14.32,14.52,2905300,31.96
2010-09-02,14.59,14.61,14.37,14.45,3108600,31.81
2010-09-01,14.59,14.76,14.54,14.60,3828500,31.89
2010-08-31,14.33,14.65,14.28,14.44,4946200,31.54
2010-08-30,14.72,14.75,14.33,14.34,3590200,31.33
2010-08-27,14.68,14.76,14.54,14.75,2629000,32.22
2010-08-26,14.64,14.78,14.57,14.64,3068500,31.98
2010-08-25,14.61,14.72,14.53,14.62,4286300,31.94
2010-08-24,14.56,14.73,14.53,14.69,4804600,32.09
2010-08-23,14.85,14.94,14.74,14.74,3788600,32.20
2010-08-20,14.81,14.87,14.72,14.80,4180500,32.33
2010-08-19,14.86,15.00,14.83,14.93,3841000,32.61
2010-08-18,14.90,15.05,14.89,14.93,3842100,32.61
2010-08-17,14.88,15.03,14.82,14.93,5579300,32.61
2010-08-16,14.47,14.87,14.37,14.77,4732000,32.27
2010-08-13,14.31,14.76,14.26,14.55,4578700,31.78
2010-08-12,14.00,14.42,13.79,14.37,5588900,31.39
2010-08-11,14.55,14.60,14.43,14.47,3987100,31.61
2010-08-10,14.72,14.85,14.62,14.75,4343300,32.22
2010-08-09,14.88,14.95,14.52,14.82,3689900,32.37
2010-08-06,14.92,15.07,14.76,14.84,2871400,32.42
2010-08-05,15.26,15.27,14.98,15.01,3791400,32.79
2010-08-04,15.13,15.40,14.93,15.32,3080100,33.47
2010-08-03,15.25,15.30,15.02,15.03,3356300,32.83
2010-08-02,14.96,15.28,14.93,15.24,3518700,33.29
2010-07-30,14.66,14.89,14.59,14.79,2104500,32.31
2010-07-29,14.98,15.04,14.69,14.78,3068700,32.29
2010-07-28,15.06,15.12,14.95,14.95,2551800,32.66
2010-07-27,14.96,15.13,14.92,15.11,3224200,33.01
2010-07-26,14.81,14.99,14.81,14.98,1936500,32.72
2010-07-23,14.70,14.92,14.68,14.85,2474300,32.44
2010-07-22,14.80,14.88,14.68,14.75,2674900,32.22
2010-07-21,14.55,14.84,14.50,14.68,7030800,32.07
2010-07-20,14.07,14.55,14.04,14.50,4369500,31.68
2010-07-19,14.29,14.31,14.12,14.18,2811900,30.98
2010-07-16,14.31,14.45,14.21,14.25,3604200,31.13
2010-07-15,14.32,14.40,14.25,14.39,3096600,31.43
2010-07-14,14.24,14.40,14.24,14.29,3480700,31.22
2010-07-13,14.30,14.43,14.29,14.29,3454000,31.22
2010-07-12,14.33,14.41,14.25,14.27,4026500,31.17
2010-07-09,14.36,14.50,14.32,14.38,2466900,31.41
2010-07-08,14.37,14.49,14.32,14.39,3975400,31.43
2010-07-07,14.06,14.36,14.01,14.31,3136600,31.26
2010-07-06,14.04,14.25,13.99,14.08,3152300,30.76
2010-07-02,14.02,14.13,13.93,13.99,2923300,30.56
2010-07-01,14.06,14.13,13.94,14.02,4219700,30.63
2010-06-30,14.25,14.31,14.06,14.10,3679600,30.80
2010-06-29,14.35,14.44,14.25,14.29,3722500,31.22
2010-06-28,14.62,14.70,14.52,14.53,2573200,31.74
2010-06-25,14.82,14.82,14.54,14.58,5860100,31.85
2010-06-24,14.74,14.89,14.70,14.77,2958700,32.27
2010-06-23,14.88,14.94,14.69,14.80,3308200,32.33
2010-06-22,14.67,15.08,14.67,14.84,6120700,32.42
2010-06-21,14.90,14.98,14.63,14.68,3948100,32.07
2010-06-18,14.94,15.00,14.76,14.78,3466700,32.29
2010-06-17,14.82,14.96,14.66,14.95,4140800,32.66
2010-06-16,14.75,14.81,14.64,14.76,3183600,32.24
2010-06-15,14.91,14.93,14.69,14.84,4145500,32.42
2010-06-14,14.89,15.04,14.74,14.78,6588400,32.29
2010-06-11,14.68,14.73,14.48,14.63,2865500,31.96
2010-06-10,14.69,14.82,14.65,14.79,3188300,32.31
2010-06-09,14.45,14.74,14.45,14.50,4040900,31.68
2010-06-08,14.33,14.44,14.25,14.43,3384000,31.52
2010-06-07,14.22,14.51,14.21,14.24,4790800,31.11
2010-06-04,14.42,14.50,14.20,14.24,6494000,31.11
2010-06-03,14.59,14.70,14.54,14.62,2612300,31.94
2010-06-02,14.14,14.46,14.01,14.46,3975500,31.59
2010-06-01,14.09,14.29,14.01,14.11,4679700,30.82
2010-05-28,14.21,14.33,14.10,14.17,5555700,30.95
2010-05-27,14.12,14.22,14.04,14.22,4371800,31.06
2010-05-26,14.29,14.41,14.02,14.02,8058800,30.39
2010-05-25,14.09,14.24,13.98,14.21,6341100,30.80
2010-05-24,14.47,14.47,14.33,14.36,5820400,31.12
2010-05-21,14.29,14.56,14.22,14.55,6330000,31.54
2010-05-20,14.76,14.76,14.46,14.46,8243900,31.34
2010-05-19,14.72,14.94,14.68,14.89,4916500,32.27
2010-05-18,14.98,15.03,14.74,14.77,6222900,32.01
2010-05-17,14.75,14.92,14.65,14.90,5783800,32.29
2010-05-14,14.75,14.81,14.61,14.70,7430900,31.86
2010-05-13,14.34,15.06,14.24,14.87,9334100,32.23
2010-05-12,14.16,14.37,14.16,14.35,4943900,31.10
2010-05-11,13.81,14.34,13.73,14.33,6286900,31.06
2010-05-10,13.71,13.97,13.61,13.89,5797500,30.10
2010-05-07,13.48,13.64,13.24,13.44,10776100,29.13
2010-05-06,13.95,14.00,12.83,13.47,9027500,29.19
2010-05-05,13.96,14.05,13.87,14.00,3938400,30.34
2010-05-04,14.09,14.11,13.92,13.96,3988700,30.26
2010-05-03,14.24,14.32,14.05,14.18,4031500,30.73
2010-04-30,14.34,14.34,14.14,14.22,4370700,30.82
2010-04-29,13.98,14.29,13.98,14.26,2717800,30.91
2010-04-28,13.79,13.97,13.71,13.90,2842300,30.13
2010-04-27,14.00,14.03,13.71,13.73,4536800,29.76
2010-04-26,14.11,14.19,14.07,14.07,1522200,30.49
2010-04-23,14.16,14.16,14.03,14.13,2037000,30.62
2010-04-22,14.00,14.17,13.89,14.17,2475300,30.71
2010-04-21,14.28,14.30,14.16,14.21,2210100,30.80
2010-04-20,14.19,14.29,14.12,14.28,2221600,30.95
2010-04-19,13.93,14.16,13.93,14.14,2494900,30.65
2010-04-16,14.06,14.15,13.86,13.96,4718900,30.26
2010-04-15,14.12,14.26,14.06,14.09,3600200,30.54
2010-04-14,14.17,14.25,14.11,14.20,2748800,30.78
2010-04-13,14.20,14.27,14.14,14.19,3374400,30.75
2010-04-12,14.17,14.36,14.12,14.21,6227900,30.80
2010-04-09,14.00,14.08,13.96,13.96,3116900,30.26
2010-04-08,14.00,14.06,13.88,13.99,4324500,30.32
2010-04-07,14.22,14.23,14.03,14.07,2604100,30.49
2010-04-06,14.18,14.23,14.10,14.20,2536200,30.78
2010-04-05,14.15,14.27,14.13,14.21,2137600,30.80
2010-04-01,14.00,14.18,13.99,14.13,2562300,30.62
2010-03-31,13.93,14.04,13.82,13.93,3525700,30.19
2010-03-30,13.90,14.03,13.89,13.93,2489200,30.19
2010-03-29,13.77,13.90,13.77,13.85,2481000,30.02
2010-03-26,13.79,13.85,13.66,13.74,2332600,29.78
2010-03-25,13.96,13.98,13.75,13.76,2744900,29.82
2010-03-24,14.00,14.04,13.87,13.88,3372800,30.08
2010-03-23,13.89,14.05,13.75,14.02,4216100,30.39
2010-03-22,13.81,13.97,13.75,13.90,3369500,30.13
2010-03-19,14.08,14.11,13.81,13.87,4789800,30.06
2010-03-18,14.06,14.17,14.02,14.09,4469000,30.54
2010-03-17,14.02,14.15,13.99,14.01,4312400,30.36
2010-03-16,13.99,14.08,13.94,14.02,3192900,30.39
2010-03-15,13.88,14.00,13.82,13.91,3878300,30.15
2010-03-12,13.97,14.13,13.97,14.03,5150600,30.41
2010-03-11,13.80,14.00,13.75,13.97,4278000,30.28
2010-03-10,13.93,13.95,13.79,13.82,4896000,29.95
2010-03-09,13.86,13.99,13.81,13.86,3276600,30.04
2010-03-08,13.96,14.03,13.89,13.89,2369700,30.10
2010-03-05,13.98,14.04,13.91,13.95,3011800,30.23
2010-03-04,13.93,13.99,13.80,13.91,8742000,30.15
2010-03-03,13.88,13.95,13.81,13.83,2538000,29.97
2010-03-02,13.76,13.91,13.61,13.89,4126800,30.10
2010-03-01,13.65,13.80,13.56,13.73,2965500,29.76
2010-02-26,13.62,13.71,13.51,13.56,2773700,29.39
2010-02-25,13.70,13.73,13.50,13.61,3528200,29.50
2010-02-24,13.65,13.92,13.65,13.90,2849000,29.89
2010-02-23,13.74,13.74,13.52,13.61,2599500,29.26
2010-02-22,13.99,13.99,13.69,13.71,3089700,29.48
2010-02-19,13.87,14.00,13.79,13.96,3601100,30.02
2010-02-18,13.64,13.90,13.64,13.89,4011500,29.87
2010-02-17,13.45,13.72,13.44,13.69,3581800,29.44
2010-02-16,12.93,13.55,12.92,13.43,4099800,28.88
2010-02-12,12.87,13.00,12.73,12.98,2586800,27.91
2010-02-11,12.89,12.96,12.60,12.96,2784200,27.87
2010-02-10,12.67,12.97,12.62,12.93,2990600,27.80
2010-02-09,12.50,12.80,12.48,12.65,3823800,27.20
2010-02-08,12.54,12.55,12.32,12.45,2908800,26.77
2010-02-05,12.31,12.53,12.09,12.50,3746500,26.88
2010-02-04,12.50,12.60,12.29,12.32,4026700,26.49
2010-02-03,12.32,12.46,12.24,12.44,2158400,26.75
2010-02-02,12.12,12.40,12.05,12.39,2187200,26.64
2010-02-01,12.23,12.25,12.00,12.09,1834300,26.00
2010-01-29,12.21,12.23,12.08,12.14,2453500,26.10
2010-01-28,12.21,12.27,12.00,12.17,2073000,26.17
2010-01-27,12.05,12.18,11.97,12.16,2192700,26.15
2010-01-26,11.96,12.04,11.86,11.97,1785000,25.74
2010-01-25,12.11,12.14,11.91,12.00,2649300,25.80
2010-01-22,11.90,11.93,11.67,11.70,1902100,25.16
2010-01-21,12.09,12.21,11.86,11.90,1841500,25.59
2010-01-20,12.20,12.21,11.91,12.08,1555600,25.97
2010-01-19,12.12,12.29,12.06,12.29,1244800,26.43
2010-01-15,12.26,12.26,12.00,12.10,1622400,26.02
2010-01-14,12.26,12.38,12.18,12.27,1532400,26.38
2010-01-13,12.15,12.31,12.11,12.25,1589800,26.34
2010-01-12,12.02,12.10,11.98,12.10,1539500,26.02
2010-01-11,12.00,12.09,11.93,12.05,1558300,25.91
2010-01-08,12.12,12.15,11.92,12.00,2241900,25.80
2010-01-07,12.25,12.27,12.06,12.14,1968300,26.10
2010-01-06,12.37,12.41,12.24,12.31,1370000,26.47
2010-01-05,12.35,12.50,12.16,12.36,2515200,26.58
2010-01-04,12.23,12.37,12.20,12.30,1495300,26.45
2009-12-31,12.37,12.37,12.16,12.18,841700,26.19
2009-12-30,12.37,12.44,12.30,12.33,1229300,26.51
2009-12-29,12.57,12.58,12.40,12.46,834800,26.79
2009-12-28,12.45,12.55,12.38,12.55,1532900,26.99
2009-12-24,12.43,12.47,12.35,12.45,368600,26.77
2009-12-23,12.23,12.39,12.22,12.39,1003100,26.64
2009-12-22,12.11,12.27,12.09,12.27,1490100,26.38
2009-12-21,12.03,12.21,11.98,12.11,1563500,26.04
2009-12-18,12.12,12.14,11.83,11.94,2892200,25.67
2009-12-17,12.25,12.27,11.95,12.05,1856900,25.91
2009-12-16,12.35,12.40,12.21,12.26,2274100,26.36
2009-12-15,12.26,12.38,12.25,12.35,1929100,26.56
2009-12-14,12.34,12.34,12.22,12.32,2522000,26.49
2009-12-11,12.19,12.50,12.17,12.21,2335700,26.25
2009-12-10,12.13,12.24,12.12,12.19,2041600,26.21
2009-12-09,12.11,12.15,12.01,12.13,1897000,26.08
2009-12-08,12.23,12.25,12.04,12.14,1699800,26.10
2009-12-07,12.17,12.31,12.17,12.31,1845000,26.47
2009-12-04,12.38,12.41,12.11,12.22,1952100,26.28
2009-12-03,12.27,12.31,12.19,12.20,1678600,26.23
2009-12-02,12.31,12.50,12.28,12.30,2600500,26.45
2009-12-01,12.20,12.30,12.13,12.25,2943600,26.34
2009-11-30,12.19,12.20,12.01,12.14,3338500,26.10
2009-11-27,12.05,12.20,11.95,12.14,993900,26.10
2009-11-25,12.61,12.61,12.40,12.44,1543600,26.51
2009-11-24,12.37,12.55,12.29,12.53,2633500,26.70
2009-11-23,12.58,12.61,12.34,12.38,2415600,26.38
2009-11-20,12.19,12.49,12.19,12.49,3472500,26.62
2009-11-19,12.30,12.38,12.10,12.20,2194400,26.00
2009-11-18,12.23,12.38,12.17,12.38,2742300,26.38
2009-11-17,11.93,12.21,11.93,12.20,2183800,26.00
2009-11-16,11.99,12.04,11.86,11.98,2103600,25.53
2009-11-13,11.87,11.97,11.80,11.94,1935400,25.45
2009-11-12,11.95,12.02,11.84,11.84,2902700,25.23
2009-11-11,11.97,12.02,11.89,11.97,3332600,25.51
2009-11-10,11.85,12.04,11.85,11.95,2866600,25.47
2009-11-09,11.81,11.96,11.73,11.87,2727500,25.30
2009-11-06,11.65,11.84,11.65,11.69,3151800,24.91
2009-11-05,11.78,11.91,11.58,11.82,4626600,25.19
2009-11-04,11.37,11.48,11.29,11.40,2456800,24.30
2009-11-03,11.30,11.38,11.18,11.35,2013800,24.19
2009-11-02,11.26,11.44,11.23,11.37,2230800,24.23
2009-10-30,11.52,11.61,11.28,11.29,2649300,24.06
2009-10-29,11.22,11.57,11.22,11.56,1802100,24.64
2009-10-28,11.50,11.55,11.21,11.21,2090300,23.89
2009-10-27,11.53,11.63,11.25,11.52,1675000,24.55
2009-10-26,11.50,11.76,11.43,11.50,2583100,24.51
2009-10-23,11.73,11.73,11.41,11.48,2289600,24.47
2009-10-22,11.52,11.79,11.41,11.70,4870500,24.93
2009-10-21,11.23,11.57,11.22,11.46,2844300,24.42
2009-10-20,11.50,11.52,11.25,11.28,2330500,24.04
2009-10-19,11.14,11.55,11.14,11.50,2781700,24.51
2009-10-16,10.97,11.19,10.96,11.10,1755800,23.66
2009-10-15,11.17,11.19,10.96,11.01,3249300,23.46
2009-10-14,11.13,11.18,11.01,11.18,1889600,23.83
2009-10-13,10.94,11.11,10.94,11.05,2402300,23.55
2009-10-12,10.98,11.15,10.94,10.98,2370500,23.40
2009-10-09,10.95,11.06,10.95,11.03,2037600,23.51
2009-10-08,11.08,11.13,10.93,10.97,2981800,23.38
2009-10-07,10.98,11.07,10.96,11.06,2341000,23.57
2009-10-06,10.91,11.08,10.90,10.97,2519900,23.38
2009-10-05,10.75,10.93,10.65,10.90,2703500,23.23
2009-10-02,10.75,10.86,10.64,10.72,2936900,22.85
2009-10-01,11.12,11.15,10.76,10.80,2959700,23.02
2009-09-30,10.93,11.18,10.83,11.14,3719100,23.74
2009-09-29,11.00,11.09,10.80,10.97,3890700,23.38
2009-09-28,11.17,11.26,11.01,11.01,4202300,23.46
2009-09-25,11.11,11.36,11.00,11.21,7205800,23.89
2009-09-24,10.77,10.83,10.54,10.54,2403900,22.46
2009-09-23,10.64,10.89,10.60,10.80,3364600,23.02
2009-09-22,10.64,10.65,10.56,10.60,2018200,22.59
2009-09-21,10.65,10.68,10.50,10.61,3586300,22.61
2009-09-18,10.20,10.69,10.06,10.68,6179200,22.76
2009-09-17,10.08,10.14,9.95,10.10,2078600,21.53
2009-09-16,10.04,10.13,9.96,10.09,2277100,21.50
2009-09-15,10.07,10.08,9.97,10.00,2977000,21.31
2009-09-14,9.73,10.09,9.73,10.08,3884200,21.48
2009-09-11,9.61,9.86,9.59,9.80,3804500,20.89
2009-09-10,9.63,9.70,9.52,9.57,3650600,20.40
2009-09-09,9.45,9.62,9.37,9.61,5969700,20.48
2009-09-08,9.50,9.56,9.39,9.42,8337300,20.08
2009-09-04,9.38,9.50,9.31,9.38,9259300,19.99
2009-09-03,9.58,9.60,9.32,9.36,6016600,19.95
2009-09-02,9.62,9.66,9.53,9.65,2543800,20.33
2009-09-01,9.74,9.75,9.54,9.62,3890700,20.27
2009-08-31,9.78,9.78,9.62,9.69,2109000,20.42
2009-08-28,9.84,9.98,9.75,9.81,2988400,20.67
2009-08-27,9.79,9.81,9.67,9.79,1948400,20.63
2009-08-26,9.86,9.87,9.71,9.77,3105000,20.58
2009-08-25,9.74,9.91,9.69,9.86,3179400,20.77
2009-08-24,9.72,9.79,9.58,9.72,2699800,20.48
2009-08-21,9.52,9.70,9.47,9.65,2238400,20.33
2009-08-20,9.47,9.55,9.39,9.47,3959000,19.95
2009-08-19,9.31,9.53,9.24,9.45,2363100,19.91
2009-08-18,9.25,9.44,9.21,9.36,3113600,19.72
2009-08-17,9.42,9.43,9.17,9.20,2997000,19.38
2009-08-14,9.49,9.52,9.31,9.45,4445800,19.91
2009-08-13,9.73,9.88,9.34,9.48,6181100,19.97
2009-08-12,10.39,10.70,9.68,9.72,10468400,20.48
2009-08-11,10.78,10.86,10.65,10.80,3129000,22.75
2009-08-10,10.74,10.85,10.66,10.77,2695300,22.69
2009-08-07,10.70,10.82,10.64,10.76,2057700,22.67
2009-08-06,10.75,10.91,10.61,10.68,3097200,22.50
2009-08-05,10.80,10.97,10.65,10.73,2281300,22.61
2009-08-04,10.75,10.92,10.70,10.88,2062400,22.92
2009-08-03,10.70,10.80,10.53,10.75,1839400,22.65
2009-07-31,10.76,10.80,10.61,10.64,2468000,22.42
2009-07-30,10.95,11.00,10.73,10.75,3103600,22.65
2009-07-29,10.78,10.93,10.68,10.89,1923800,22.94
2009-07-28,10.65,10.80,10.63,10.75,1192700,22.65
2009-07-27,10.92,10.92,10.57,10.73,1963200,22.61
2009-07-24,10.71,10.86,10.67,10.86,1322600,22.88
2009-07-23,10.65,10.95,10.56,10.83,3065000,22.82
2009-07-22,10.51,10.75,10.50,10.63,1771300,22.40
2009-07-21,10.61,10.65,10.43,10.57,2335400,22.27
2009-07-20,10.50,10.51,10.37,10.51,1474300,22.14
2009-07-17,10.42,10.55,10.38,10.47,2007700,22.06
2009-07-16,10.34,10.53,10.30,10.50,2864400,22.12
2009-07-15,10.19,10.35,10.06,10.35,2863600,21.81
2009-07-14,9.99,10.12,9.91,10.11,2404600,21.30
2009-07-13,9.85,10.03,9.81,10.00,1827000,21.07
2009-07-10,9.84,9.97,9.78,9.84,2317100,20.73
2009-07-09,9.96,10.03,9.78,9.86,2461600,20.77
2009-07-08,9.94,10.14,9.84,9.96,4252400,20.98
2009-07-07,9.82,10.12,9.81,9.98,6765800,21.03
2009-07-06,9.50,9.91,9.50,9.91,2551600,20.88
2009-07-02,9.77,9.82,9.56,9.56,1996300,20.14
2009-07-01,9.82,10.09,9.75,9.96,3599100,20.98
2009-06-30,9.71,9.76,9.52,9.76,4075000,20.56
2009-06-29,9.58,9.72,9.47,9.69,3352900,20.42
2009-06-26,9.36,9.63,9.32,9.58,4197000,20.18
2009-06-25,9.33,9.44,9.24,9.42,3233500,19.85
2009-06-24,9.19,9.43,9.11,9.35,6922600,19.70
2009-06-23,8.89,9.13,8.89,9.11,3268100,19.19
2009-06-22,9.00,9.06,8.94,8.94,2028500,18.84
2009-06-19,9.13,9.14,9.02,9.06,2694900,19.09
2009-06-18,9.16,9.16,8.88,9.09,1914900,19.15
2009-06-17,8.72,9.09,8.72,9.01,3500600,18.98
2009-06-16,8.90,8.90,8.75,8.78,2085000,18.50
2009-06-15,8.95,8.96,8.83,8.86,1588500,18.67
2009-06-12,9.07,9.13,8.95,9.01,2410800,18.98
2009-06-11,9.06,9.24,8.97,9.10,3383700,19.17
2009-06-10,9.11,9.15,8.94,9.02,2073000,19.00
2009-06-09,9.10,9.10,8.89,9.03,2241000,19.03
2009-06-08,9.00,9.12,8.92,9.07,1669600,19.11
2009-06-05,9.14,9.17,8.90,9.00,1747100,18.96
2009-06-04,9.14,9.22,9.09,9.14,2965800,19.26
2009-06-03,9.24,9.24,8.99,9.11,3708000,19.19
2009-06-02,8.97,9.30,8.97,9.28,4190000,19.55
2009-06-01,8.92,9.10,8.71,9.00,4288400,18.96
2009-05-29,9.00,9.05,8.94,8.99,3560300,18.94
2009-05-28,9.15,9.18,8.89,9.00,5666200,18.96
2009-05-27,9.31,9.40,9.13,9.17,4260900,19.09
2009-05-26,9.42,9.51,9.28,9.33,3478800,19.42
2009-05-22,9.53,9.66,9.46,9.48,1499100,19.73
2009-05-21,9.54,9.63,9.41,9.53,2264200,19.84
2009-05-20,9.59,9.75,9.55,9.62,2468300,20.03
2009-05-19,9.43,9.58,9.43,9.54,1474800,19.86
2009-05-18,9.27,9.51,9.20,9.50,2557400,19.78
2009-05-15,9.29,9.42,9.18,9.22,2068500,19.19
2009-05-14,9.12,9.35,9.04,9.33,2312400,19.42
2009-05-13,9.05,9.23,9.05,9.12,2758000,18.98
2009-05-12,9.13,9.26,9.06,9.15,2401500,19.05
2009-05-11,9.22,9.25,9.06,9.09,3155600,18.92
2009-05-08,9.45,9.50,9.16,9.19,3092700,19.13
2009-05-07,9.33,9.61,9.01,9.35,4032300,19.46
2009-05-06,8.84,8.98,8.71,8.96,3439500,18.65
2009-05-05,8.86,9.03,8.66,8.76,2430000,18.24
2009-05-04,8.38,8.75,8.27,8.71,2097500,18.13
2009-05-01,8.43,8.43,8.20,8.28,2465600,17.24
2009-04-30,8.35,8.56,8.29,8.32,2245500,17.32
2009-04-29,8.20,8.41,8.17,8.28,1170500,17.24
2009-04-28,8.08,8.25,7.96,8.16,1921100,16.99
2009-04-27,8.06,8.30,8.01,8.01,2469900,16.67
2009-04-24,8.30,8.37,8.15,8.20,1851500,17.07
2009-04-23,8.36,8.46,8.14,8.25,2332100,17.17
2009-04-22,8.50,8.56,8.37,8.38,1685100,17.44
2009-04-21,8.48,8.60,8.38,8.56,1700900,17.82
2009-04-20,8.42,8.65,8.41,8.42,2036400,17.53
2009-04-17,8.64,8.75,8.53,8.62,1822800,17.94
2009-04-16,8.60,8.65,8.45,8.60,1698800,17.90
2009-04-15,8.38,8.56,8.38,8.52,1529600,17.74
2009-04-14,8.49,8.60,8.32,8.41,1533300,17.51
2009-04-13,8.71,8.71,8.49,8.57,1496300,17.84
2009-04-09,8.71,8.88,8.59,8.70,2697400,18.11
2009-04-08,8.31,8.68,8.24,8.66,3088800,18.03
2009-04-07,8.32,8.40,8.25,8.26,1650100,17.19
2009-04-06,8.40,8.53,8.34,8.43,1656700,17.55
2009-04-03,8.45,8.59,8.37,8.46,1997700,17.61
2009-04-02,8.27,8.57,8.26,8.46,2418800,17.61
2009-04-01,7.99,8.25,7.85,8.22,3166000,17.11
2009-03-31,8.19,8.21,8.04,8.08,3928600,16.82
2009-03-30,8.70,8.78,8.05,8.13,3721100,16.92
2009-03-27,8.42,8.42,8.22,8.25,2252400,17.17
2009-03-26,8.12,8.57,8.12,8.50,1508800,17.69
2009-03-25,8.52,8.54,8.26,8.43,2608000,17.55
2009-03-24,8.31,8.55,8.23,8.45,2136400,17.59
2009-03-23,8.19,8.39,8.06,8.39,1958000,17.46
2009-03-20,8.15,8.26,7.98,8.03,3276700,16.72
2009-03-19,8.10,8.21,8.03,8.09,2808800,16.84
2009-03-18,7.99,8.18,7.82,8.01,2573600,16.67
2009-03-17,7.95,8.04,7.87,8.03,2510800,16.72
2009-03-16,7.73,8.05,7.65,7.93,4047300,16.51
2009-03-13,7.53,7.83,7.40,7.68,4135000,15.99
2009-03-12,7.03,7.30,6.99,7.27,1962100,15.13
2009-03-11,7.09,7.18,6.89,6.98,2786300,14.53
2009-03-10,6.90,7.13,6.87,7.12,2046100,14.82
2009-03-09,7.02,7.05,6.80,6.83,2563800,14.22
2009-03-06,7.05,7.14,6.94,7.08,3194600,14.74
2009-03-05,7.25,7.34,6.85,6.92,6062300,14.40
2009-03-04,7.35,7.62,7.22,7.47,2568700,15.55
2009-03-03,7.44,7.59,7.19,7.26,2924900,15.11
2009-03-02,7.60,7.67,7.41,7.45,3272100,15.51
2009-02-27,7.63,7.84,7.57,7.71,2677600,16.05
2009-02-26,7.80,8.00,7.74,7.76,3110500,16.15
2009-02-25,8.19,8.20,7.76,7.85,3750000,16.11
2009-02-24,8.00,8.27,7.91,8.24,3163000,16.91
2009-02-23,8.07,8.16,7.93,7.95,2785800,16.32
2009-02-20,8.09,8.19,7.86,8.01,2926500,16.44
2009-02-19,8.39,8.40,8.14,8.20,2777600,16.83
2009-02-18,8.61,8.61,8.13,8.24,3346500,16.91
2009-02-17,8.73,8.73,8.42,8.51,2684600,17.47
2009-02-13,8.98,9.07,8.85,8.92,2043700,18.31
2009-02-12,8.85,9.05,8.72,9.03,3895800,18.53
2009-02-11,8.61,9.03,8.52,8.92,2568500,18.31
2009-02-10,9.43,9.49,8.84,8.91,2679700,18.29
2009-02-09,9.50,9.63,9.34,9.49,1793900,19.48
2009-02-06,9.36,9.59,9.31,9.56,3272600,19.62
2009-02-05,9.59,9.72,9.33,9.33,4646400,19.15
2009-02-04,10.00,10.11,9.63,9.68,3579700,19.87
2009-02-03,10.16,10.48,9.96,10.43,2064300,21.41
2009-02-02,10.00,10.16,9.86,10.13,2701300,20.79
2009-01-30,10.46,10.54,9.95,10.03,3217200,20.59
2009-01-29,10.46,10.64,10.32,10.40,1734900,21.35
2009-01-28,10.43,10.58,10.35,10.54,2168500,21.63
2009-01-27,9.98,10.32,9.96,10.29,1562800,21.12
2009-01-26,9.89,10.18,9.80,9.96,2234500,20.44
2009-01-23,9.77,9.94,9.60,9.86,1843500,20.24
2009-01-22,9.67,10.08,9.67,10.02,2072700,20.57
2009-01-21,10.10,10.10,9.66,9.90,3516200,20.32
2009-01-20,10.04,10.08,9.82,9.95,3511500,20.42
2009-01-16,10.10,10.10,9.78,9.98,2025200,20.48
2009-01-15,9.74,9.89,9.59,9.87,3098900,20.26
2009-01-14,9.62,9.90,9.61,9.80,2645000,20.11
2009-01-13,9.93,10.15,9.81,9.94,2189600,20.40
2009-01-12,10.00,10.04,9.80,9.96,2566900,20.44
2009-01-09,10.21,10.23,9.97,10.03,1721800,20.59
2009-01-08,10.18,10.32,10.08,10.17,2093900,20.87
2009-01-07,10.36,10.45,10.13,10.20,4375300,20.94
2009-01-06,10.13,10.58,10.12,10.49,2675200,21.53
2009-01-05,10.09,10.27,9.99,10.04,2398100,20.61
2009-01-02,9.82,10.16,9.74,10.13,868300,20.79
2008-12-31,9.60,9.83,9.58,9.79,1278400,20.09
2008-12-30,9.39,9.60,9.38,9.59,1085400,19.68
2008-12-29,9.40,9.43,9.14,9.33,1174400,19.15
2008-12-26,9.34,9.45,9.30,9.42,687000,19.33
2008-12-24,9.36,9.39,9.24,9.35,387000,19.19
2008-12-23,9.64,9.68,9.31,9.34,1392700,19.17
2008-12-22,9.61,9.68,9.38,9.59,1680900,19.68
2008-12-19,10.03,10.03,9.52,9.60,2773600,19.70
2008-12-18,9.68,9.90,9.52,9.59,2246600,19.68
2008-12-17,9.67,9.78,9.49,9.63,1944200,19.77
2008-12-16,9.40,9.78,9.31,9.77,1957600,20.05
2008-12-15,9.57,9.57,9.20,9.34,1908200,19.17
2008-12-12,8.93,9.55,8.93,9.50,2621100,19.50
2008-12-11,9.15,9.47,9.05,9.20,2925500,18.88
2008-12-10,9.12,9.34,9.12,9.33,1875100,19.15
2008-12-09,9.43,9.50,9.00,9.03,2193200,18.53
2008-12-08,9.51,9.52,9.12,9.51,2749600,19.52
2008-12-05,8.64,9.25,8.55,9.25,3056100,18.99
2008-12-04,9.09,9.23,8.63,8.73,5216000,17.92
2008-12-03,8.88,9.26,8.66,9.23,2473600,18.94
2008-12-02,8.98,9.10,8.66,9.10,3036800,18.68
2008-12-01,9.04,9.09,8.69,8.84,3410000,18.14
2008-11-28,9.05,9.33,9.01,9.18,1223700,18.84
2008-11-26,8.57,9.19,7.74,9.18,2316400,18.84
2008-11-25,9.45,9.45,8.50,8.75,3513400,17.73
2008-11-24,8.64,9.30,8.52,9.18,2869400,18.60
2008-11-21,8.23,8.52,7.76,8.52,3996900,17.27
2008-11-20,8.85,9.00,8.13,8.20,3771400,16.62
2008-11-19,9.36,9.48,8.79,8.82,3672600,17.88
2008-11-18,9.18,9.53,9.08,9.43,3017200,19.11
2008-11-17,9.35,9.55,9.10,9.22,2295000,18.69
2008-11-14,9.95,9.96,9.01,9.47,3091200,19.19
2008-11-13,9.65,10.18,9.27,10.15,2938300,20.57
2008-11-12,9.43,9.90,9.39,9.48,2849000,19.21
2008-11-11,9.80,9.81,9.41,9.61,2274400,19.48
2008-11-10,10.19,10.19,9.67,9.95,2426300,20.17
2008-11-07,9.55,10.00,9.55,10.00,2195600,20.27
2008-11-06,10.13,10.20,9.28,9.52,3544100,19.29
2008-11-05,11.39,11.39,10.17,10.20,3404000,20.67
2008-11-04,11.72,12.00,11.55,11.86,2457800,24.04
2008-11-03,11.24,11.42,11.14,11.24,1650700,22.78
2008-10-31,10.99,11.75,10.97,11.18,2010300,22.66
2008-10-30,11.29,11.43,10.96,11.25,1896400,22.80
2008-10-29,11.08,11.49,10.85,11.01,3200800,22.31
2008-10-28,10.13,11.16,9.93,11.16,2375200,22.62
2008-10-27,10.07,10.36,9.91,9.95,2253800,20.17
2008-10-24,10.01,10.60,10.01,10.23,2664100,20.73
2008-10-23,10.79,11.21,10.40,10.98,2816500,22.25
2008-10-22,11.26,11.26,10.52,10.79,2921100,21.87
2008-10-21,11.57,11.79,11.40,11.45,2688400,23.21
2008-10-20,11.66,11.99,11.09,11.64,2479800,23.59
2008-10-17,9.97,11.67,9.90,11.47,6073700,23.25
2008-10-16,10.00,10.29,9.81,10.14,3457400,20.55
2008-10-15,11.06,11.06,10.19,10.25,2805400,20.77
2008-10-14,10.98,11.30,10.81,11.24,3671900,22.78
2008-10-13,10.39,10.79,9.75,10.69,3696800,21.66
2008-10-10,10.06,10.50,9.26,9.59,6854800,19.44
2008-10-09,11.46,11.59,10.52,10.52,3594000,21.32
2008-10-08,11.92,12.04,11.44,11.45,4549100,23.21
2008-10-07,13.40,13.50,12.10,12.10,4253600,24.52
2008-10-06,12.94,13.55,12.33,13.55,4764600,27.46
2008-10-03,13.30,13.44,13.09,13.17,2975200,26.69
2008-10-02,13.15,13.34,13.05,13.19,3258500,26.73
2008-10-01,12.54,13.26,12.47,13.21,2973900,26.77
2008-09-30,13.01,13.03,12.46,12.63,3352700,25.60
2008-09-29,13.13,13.40,12.57,12.62,3394500,25.58
2008-09-26,13.33,13.35,13.11,13.29,2050100,26.93
2008-09-25,13.16,13.42,13.00,13.33,1666500,27.02
2008-09-24,12.95,13.13,12.85,12.95,1749800,26.25
2008-09-23,13.02,13.36,12.99,13.04,1375100,26.43
2008-09-22,13.50,13.50,12.93,12.97,1813300,26.29
2008-09-19,13.20,13.51,12.51,13.48,2882900,27.32
2008-09-18,13.23,13.26,12.75,12.98,3207900,26.31
2008-09-17,13.30,13.44,12.90,12.98,3249700,26.31
2008-09-16,13.65,13.85,13.30,13.50,2822100,27.36
2008-09-15,13.68,14.14,13.67,13.83,2462000,28.03
2008-09-12,13.68,14.20,13.68,14.19,2588800,28.76
2008-09-11,13.67,13.85,13.53,13.81,2303100,27.99
2008-09-10,13.79,13.81,13.60,13.69,1728800,27.74
2008-09-09,13.75,14.03,13.72,13.72,2305100,27.81
2008-09-08,13.77,13.81,13.58,13.79,2625000,27.95
2008-09-05,13.28,13.61,13.26,13.48,3022200,27.32
2008-09-04,13.31,13.58,13.27,13.35,2538000,27.06
2008-09-03,13.54,13.69,13.41,13.42,3029700,27.20
2008-09-02,13.61,13.99,13.61,13.65,2748000,27.66
2008-08-29,13.72,13.79,13.48,13.50,2122800,27.36
2008-08-28,13.66,13.91,13.62,13.83,1549200,27.82
2008-08-27,13.50,13.63,13.35,13.60,1065300,27.35
2008-08-26,13.44,13.56,13.27,13.51,1588600,27.17
2008-08-25,13.62,13.64,13.34,13.41,1633100,26.97
2008-08-22,13.63,13.70,13.43,13.70,2427800,27.55
2008-08-21,13.84,13.84,13.52,13.61,2383000,27.37
2008-08-20,13.76,13.99,13.65,13.90,1579300,27.96
2008-08-19,13.97,14.08,13.79,13.81,2694800,27.78
2008-08-18,14.16,14.30,14.01,14.07,2035800,28.30
2008-08-15,14.41,14.43,14.14,14.18,3476100,28.52
2008-08-14,14.40,14.58,14.30,14.35,2355600,28.86
2008-08-13,14.74,14.74,14.41,14.45,2121700,29.06
2008-08-12,14.79,14.95,14.69,14.71,1695500,29.59
2008-08-11,14.85,15.07,14.73,14.90,1695100,29.97
2008-08-08,14.07,14.90,14.05,14.90,2249600,29.97
2008-08-07,13.13,14.39,13.13,13.98,2832500,28.12
2008-08-06,14.22,14.68,13.96,14.52,3309200,29.20
2008-08-05,13.91,14.25,13.88,14.25,1689000,28.66
2008-08-04,13.84,13.95,13.72,13.84,1582700,27.84
2008-08-01,13.17,13.97,13.00,13.88,2395600,27.92
2008-07-31,13.74,13.80,13.62,13.66,2560200,27.47
2008-07-30,13.37,13.81,13.34,13.80,2020300,27.76
2008-07-29,13.16,13.36,13.05,13.34,1985000,26.83
2008-07-28,13.33,13.38,13.12,13.13,1320000,26.41
2008-07-25,13.48,13.48,13.25,13.31,1612200,26.77
2008-07-24,13.53,13.66,13.33,13.40,1809100,26.95
2008-07-23,13.16,13.59,13.16,13.55,2104400,27.25
2008-07-22,12.80,13.20,12.80,13.17,2844800,26.49
2008-07-21,13.25,13.25,12.72,12.87,2312000,25.88
2008-07-18,13.21,13.32,13.07,13.22,1843700,26.59
2008-07-17,12.96,13.19,12.81,13.17,1937400,26.49
2008-07-16,12.57,12.97,12.45,12.92,2148200,25.99
2008-07-15,12.39,12.68,12.39,12.53,2625700,25.20
2008-07-14,12.56,12.66,12.44,12.56,1511100,25.26
2008-07-11,12.63,12.65,12.30,12.44,2681700,25.02
2008-07-10,12.95,13.00,12.68,12.75,2523500,25.64
2008-07-09,12.53,13.02,12.53,12.93,3099700,26.01
2008-07-08,12.16,12.51,12.05,12.49,1881000,25.12
2008-07-07,12.20,12.30,12.09,12.12,2108200,24.38
2008-07-03,12.19,12.24,12.11,12.15,1335500,24.44
2008-07-02,12.30,12.30,12.10,12.12,1680000,24.38
2008-07-01,12.11,12.25,12.05,12.25,1947100,24.64
2008-06-30,12.17,12.41,12.12,12.25,2155800,24.64
2008-06-27,12.50,12.55,12.15,12.18,3791000,24.50
2008-06-26,12.65,12.69,12.43,12.44,2595000,25.02
2008-06-25,12.63,12.86,12.54,12.76,1947200,25.66
2008-06-24,12.53,12.63,12.45,12.57,1940900,25.28
2008-06-23,12.68,12.71,12.50,12.60,2116200,25.34
2008-06-20,12.79,12.84,12.59,12.65,3167300,25.44
2008-06-19,12.75,12.84,12.63,12.80,2430400,25.74
2008-06-18,12.83,12.92,12.67,12.73,2091100,25.60
2008-06-17,12.94,13.05,12.84,12.90,2615800,25.95
2008-06-16,12.94,12.94,12.78,12.90,2702000,25.95
2008-06-13,12.98,13.12,12.92,13.04,2105800,26.23
2008-06-12,12.82,13.08,12.82,12.93,1638100,26.01
2008-06-11,13.19,13.19,12.80,12.84,2974300,25.82
2008-06-10,13.12,13.20,13.03,13.13,2404800,26.41
2008-06-09,13.29,13.38,13.11,13.19,1777700,26.53
2008-06-06,13.72,13.76,13.25,13.27,2245700,26.69
2008-06-05,13.80,13.85,13.73,13.81,1831800,27.78
2008-06-04,13.58,13.76,13.48,13.75,2085000,27.65
2008-06-03,13.66,13.68,13.44,13.63,2273700,27.41
2008-06-02,13.76,13.76,13.61,13.64,1932000,27.43
2008-05-30,13.59,13.83,13.58,13.78,1626600,27.72
2008-05-29,13.72,13.80,13.26,13.66,1591700,27.47
2008-05-28,13.73,13.78,13.67,13.78,1675600,27.50
2008-05-27,13.48,13.77,13.46,13.70,2391100,27.34
2008-05-23,13.60,13.67,13.43,13.50,1495900,26.95
2008-05-22,13.60,13.71,13.55,13.69,2176600,27.32
2008-05-21,13.77,14.00,13.51,13.55,2737800,27.04
2008-05-20,13.91,14.04,13.85,13.89,2267100,27.72
2008-05-19,13.96,14.04,13.84,14.01,2086300,27.96
2008-05-16,13.89,14.00,13.71,13.93,1766200,27.80
2008-05-15,13.78,13.91,13.75,13.90,2304900,27.74
2008-05-14,13.75,13.94,13.72,13.84,1943600,27.62
2008-05-13,13.71,13.80,13.64,13.72,2151300,27.38
2008-05-12,13.66,13.71,13.53,13.70,2166600,27.34
2008-05-09,13.85,13.86,13.60,13.66,1922800,27.26
2008-05-08,13.84,13.87,13.66,13.83,3225300,27.60
2008-05-07,14.06,14.20,13.70,13.76,3045100,27.46
2008-05-06,14.76,14.76,13.66,13.86,4930400,27.66
2008-05-05,14.45,14.76,14.45,14.76,2571100,29.46
2008-05-02,15.00,15.00,14.55,14.66,3088400,29.26
2008-05-01,14.53,14.93,14.51,14.92,1977500,29.78
2008-04-30,14.57,14.74,14.51,14.51,2366600,28.96
2008-04-29,14.13,14.60,14.12,14.51,3327900,28.96
2008-04-28,14.16,14.20,14.03,14.12,1189900,28.18
2008-04-25,14.10,14.16,13.91,14.07,1343300,28.08
2008-04-24,13.89,14.10,13.73,14.01,1895200,27.96
2008-04-23,13.86,13.94,13.66,13.75,1054800,27.44
2008-04-22,13.98,13.98,13.76,13.83,1665200,27.60
2008-04-21,14.07,14.07,13.92,14.01,1842100,27.96
2008-04-18,14.39,14.47,13.99,14.12,2788100,28.18
2008-04-17,14.24,14.29,14.17,14.24,1550200,28.42
2008-04-16,14.25,14.26,14.05,14.24,1881500,28.42
2008-04-15,14.11,14.19,14.04,14.12,1334200,28.18
2008-04-14,13.90,14.21,13.84,14.05,2046500,28.04
2008-04-11,14.02,14.08,13.88,13.93,2182300,27.80
2008-04-10,14.10,14.30,14.06,14.15,2103700,28.24
2008-04-09,14.19,14.31,14.02,14.11,1966900,28.16
2008-04-08,14.32,14.34,14.16,14.21,2013500,28.36
2008-04-07,14.46,14.50,14.31,14.34,1786900,28.62
2008-04-04,14.46,14.50,14.27,14.39,2372800,28.72
2008-04-03,14.48,14.50,14.36,14.45,2083300,28.84
2008-04-02,14.40,14.55,14.35,14.50,3144000,28.94
2008-04-01,14.10,14.42,13.99,14.42,4056900,28.78
2008-03-31,13.70,14.06,13.58,13.98,3865700,27.90
2008-03-28,13.68,13.74,13.56,13.66,3479400,27.26
2008-03-27,13.43,13.72,13.41,13.60,4060900,27.14
2008-03-26,13.27,13.41,13.27,13.37,2119000,26.69
2008-03-25,13.22,13.33,13.12,13.31,2803500,26.57
2008-03-24,13.31,13.37,13.10,13.22,2236800,26.39
2008-03-20,13.00,13.33,12.94,13.31,3505300,26.57
2008-03-19,12.95,13.09,12.87,12.98,4019600,25.91
2008-03-18,13.02,13.26,12.94,13.26,2951700,26.47
2008-03-17,12.65,12.94,12.65,12.81,2950300,25.57
2008-03-14,13.48,13.48,12.81,12.88,4825000,25.71
2008-03-13,12.92,13.46,12.81,13.36,5077700,26.67
2008-03-12,12.48,13.03,12.45,12.94,4273100,25.83
2008-03-11,12.54,12.58,12.32,12.48,3500000,24.91
2008-03-10,12.50,12.54,12.32,12.33,3366400,24.61
2008-03-07,12.75,12.75,12.45,12.49,3469900,24.93
2008-03-06,12.90,12.91,12.73,12.73,2425500,25.41
2008-03-05,12.97,12.99,12.81,12.91,2096100,25.77
2008-03-04,12.84,12.94,12.77,12.85,3095100,25.65
2008-03-03,12.63,13.02,12.63,12.93,3663800,25.81
2008-02-29,12.95,12.97,12.61,12.63,3161500,25.21
2008-02-28,13.06,13.06,12.94,13.00,2382500,25.95
2008-02-27,13.00,13.18,12.93,13.13,1890200,26.00
2008-02-26,13.00,13.05,12.95,13.05,3965000,25.84
2008-02-25,13.11,13.16,12.96,13.00,4439900,25.74
2008-02-22,13.07,13.14,12.96,13.13,2892900,26.00
2008-02-21,13.11,13.11,12.99,13.02,4239100,25.78
2008-02-20,13.10,13.23,12.97,13.09,3119800,25.92
2008-02-19,13.46,13.46,13.12,13.17,7167400,26.08
2008-02-15,13.36,13.52,13.26,13.29,4390900,26.31
2008-02-14,13.62,13.65,13.50,13.54,5550300,26.81
2008-02-13,13.69,13.71,13.52,13.60,4182800,26.93
2008-02-12,13.58,13.72,13.52,13.61,2453200,26.95
2008-02-11,13.67,13.72,13.47,13.57,1927300,26.87
2008-02-08,13.83,13.94,13.57,13.65,3079500,27.03
2008-02-07,13.70,13.94,13.69,13.88,2703500,27.48
2008-02-06,13.91,14.04,13.68,13.74,2685300,27.20
2008-02-05,14.62,14.62,13.97,13.97,2436500,27.66
2008-02-04,14.20,14.64,14.12,14.42,2645100,28.55
2008-02-01,14.04,14.27,13.98,14.20,2509400,28.12
2008-01-31,14.03,14.21,13.78,14.05,3389900,27.82
2008-01-30,14.32,14.51,14.15,14.19,1611700,28.10
2008-01-29,14.32,14.36,14.24,14.32,1397400,28.35
2008-01-28,14.04,14.35,14.01,14.33,2148700,28.37
2008-01-25,14.15,14.17,13.91,14.05,2039000,27.82
2008-01-24,14.18,14.24,13.87,14.05,2358900,27.82
2008-01-23,13.62,14.14,13.59,14.11,4185800,27.94
2008-01-22,14.16,14.32,13.90,13.93,3489000,27.58
2008-01-18,14.72,14.76,14.31,14.40,3064200,28.51
2008-01-17,14.84,14.88,14.61,14.65,2380200,29.01
2008-01-16,14.85,15.03,14.78,14.83,3216400,29.36
2008-01-15,15.09,15.14,14.81,14.90,2005000,29.50
2008-01-14,15.41,15.43,15.16,15.21,1944400,30.12
2008-01-11,15.71,15.77,15.29,15.33,2627300,30.35
2008-01-10,15.72,15.90,15.67,15.83,2023000,31.34
2008-01-09,15.91,15.91,15.56,15.79,2513800,31.26
2008-01-08,16.03,16.05,15.84,15.91,2152700,31.50
2008-01-07,16.00,16.07,15.83,15.97,2793000,31.62
2008-01-04,15.85,16.04,15.85,15.93,2233000,31.54
2008-01-03,16.00,16.08,15.92,15.95,2148200,31.58
2008-01-02,16.07,16.08,15.93,16.01,2017600,31.70
2007-12-31,16.15,16.22,16.03,16.06,1639100,31.80
2007-12-28,16.18,16.31,16.18,16.23,1247800,32.14
2007-12-27,16.24,16.29,16.20,16.23,1394600,32.14
2007-12-26,16.18,16.30,16.18,16.28,1136400,32.23
2007-12-24,16.19,16.40,16.19,16.26,482900,32.19
2007-12-21,16.04,16.32,16.04,16.29,3148900,32.25
2007-12-20,16.20,16.22,16.02,16.05,2216000,31.78
2007-12-19,16.13,16.22,16.08,16.15,2678800,31.98
2007-12-18,16.15,16.24,16.07,16.16,1950600,32.00
2007-12-17,16.32,16.39,16.04,16.07,3371200,31.82
2007-12-14,16.69,16.69,16.37,16.40,2372300,32.47
2007-12-13,16.61,16.74,16.56,16.66,1417500,32.99
2007-12-12,16.88,16.95,16.58,16.72,3425100,33.11
2007-12-11,16.66,16.86,16.59,16.67,2967100,33.01
2007-12-10,16.77,16.86,16.66,16.83,1756900,33.32
2007-12-07,16.75,16.84,16.68,16.77,2252200,33.20
2007-12-06,16.60,16.77,16.58,16.75,2178400,33.16
2007-12-05,16.61,16.69,16.56,16.67,2239800,33.01
2007-12-04,16.63,16.68,16.49,16.49,1690900,32.65
2007-12-03,16.67,16.90,16.54,16.70,1287100,33.07
2007-11-30,16.89,16.89,16.71,16.83,2084700,33.32
2007-11-29,16.76,16.79,16.57,16.74,1789100,33.14
2007-11-28,16.48,16.85,16.36,16.80,2442100,33.06
2007-11-27,16.08,16.42,16.03,16.39,2682300,32.25
2007-11-26,16.03,16.33,15.96,16.03,2424300,31.54
2007-11-23,15.94,16.14,15.93,16.12,699200,31.72
2007-11-21,15.99,16.11,15.90,15.90,2235700,31.28
2007-11-20,15.86,16.19,15.78,16.12,2463500,31.72
2007-11-19,15.73,15.96,15.73,15.81,3097700,31.11
2007-11-16,15.92,16.00,15.71,15.81,3010600,31.11
2007-11-15,15.83,15.98,15.79,15.82,2584700,31.13
2007-11-14,16.06,16.12,15.90,15.91,2060700,31.30
2007-11-13,15.77,16.03,15.70,16.00,2830400,31.48
2007-11-12,15.83,16.00,15.67,15.67,2673500,30.83
2007-11-09,15.88,16.05,15.83,15.83,2841400,31.15
2007-11-08,15.90,16.06,15.81,16.02,3000900,31.52
2007-11-07,16.40,16.48,15.84,15.84,2858100,31.17
2007-11-06,16.25,16.35,16.02,16.31,1897800,32.09
2007-11-05,16.08,16.40,16.06,16.24,1651100,31.95
2007-11-02,16.15,16.31,16.00,16.28,2049600,32.03
2007-11-01,16.56,16.56,16.06,16.10,1818100,31.68
2007-10-31,16.23,16.58,16.19,16.54,1479200,32.54
2007-10-30,16.17,16.36,16.08,16.20,1330100,31.88
2007-10-29,16.21,16.24,16.06,16.20,1647300,31.88
2007-10-26,16.29,16.29,16.12,16.18,1349000,31.84
2007-10-25,16.29,16.35,16.04,16.21,1751500,31.89
2007-10-24,16.00,16.11,15.95,16.10,1568400,31.68
2007-10-23,16.01,16.13,15.99,16.10,1459200,31.68
2007-10-22,15.79,16.05,15.76,15.99,1689700,31.46
2007-10-19,16.05,16.11,15.86,15.89,2319800,31.27
2007-10-18,16.13,16.24,16.10,16.13,1434800,31.74
2007-10-17,16.25,16.29,16.14,16.17,1946800,31.82
2007-10-16,16.04,16.27,16.01,16.15,1593800,31.78
2007-10-15,16.16,16.24,16.05,16.09,1482400,31.66
2007-10-12,16.06,16.22,15.99,16.22,1723200,31.91
2007-10-11,16.22,16.34,16.00,16.02,1784700,31.52
2007-10-10,16.53,16.56,16.10,16.19,2764400,31.86
2007-10-09,16.52,16.61,16.45,16.56,1632000,32.58
2007-10-08,16.64,16.66,16.46,16.49,1256400,32.45
2007-10-05,16.57,16.72,16.57,16.61,1925100,32.68
2007-10-04,16.77,16.83,16.59,16.62,2367300,32.70
2007-10-03,16.72,16.84,16.66,16.76,1851100,32.98
2007-10-02,16.67,16.78,16.54,16.73,1895000,32.92
2007-10-01,16.65,16.83,16.64,16.70,1649100,32.86
2007-09-28,16.62,16.70,16.50,16.69,1409400,32.84
2007-09-27,16.59,16.68,16.47,16.68,1656700,32.82
2007-09-26,16.52,16.68,16.45,16.56,2428700,32.58
2007-09-25,16.50,16.56,16.36,16.52,1435900,32.50
2007-09-24,16.38,16.59,16.25,16.55,1591500,32.56
2007-09-21,16.40,16.56,16.31,16.44,2388100,32.35
2007-09-20,16.41,16.51,16.32,16.33,1517100,32.13
2007-09-19,16.20,16.58,16.17,16.46,1773000,32.39
2007-09-18,16.28,16.30,16.08,16.15,2363200,31.78
2007-09-17,16.12,16.29,16.10,16.19,2435100,31.86
2007-09-14,16.22,16.28,16.05,16.16,1586100,31.80
2007-09-13,16.17,16.35,16.06,16.29,1533400,32.05
2007-09-12,16.06,16.24,15.96,16.13,1869200,31.74
2007-09-11,16.09,16.17,15.97,16.13,1725400,31.74
2007-09-10,16.01,16.07,15.91,15.98,1421900,31.44
2007-09-07,15.92,16.10,15.89,15.97,1789300,31.42
2007-09-06,16.40,16.50,16.12,16.14,2456900,31.76
2007-09-05,16.45,16.65,16.27,16.38,2413900,32.23
2007-09-04,16.69,16.70,16.54,16.62,1126300,32.70
2007-08-31,16.57,16.74,16.36,16.62,1094000,32.70
2007-08-30,16.43,16.57,16.33,16.49,1078400,32.45
2007-08-29,16.34,16.66,16.26,16.63,1005100,32.52
2007-08-28,16.50,16.58,16.20,16.21,1326600,31.70
2007-08-27,16.76,16.76,16.59,16.62,682300,32.50
2007-08-24,16.63,16.76,16.55,16.76,1020600,32.78
2007-08-23,16.76,16.84,16.44,16.66,1581700,32.58
2007-08-22,16.64,16.80,16.56,16.74,1934200,32.74
2007-08-21,16.43,16.58,16.31,16.55,1573200,32.37
2007-08-20,16.25,16.43,16.10,16.36,1627700,32.00
2007-08-17,16.25,16.37,16.00,16.28,2446500,31.84
2007-08-16,15.86,16.10,15.71,15.90,3065900,31.10
2007-08-15,16.45,16.45,15.90,15.93,2508600,31.16
2007-08-14,16.16,16.25,15.94,16.00,2728700,31.29
2007-08-13,15.56,16.24,15.50,16.16,2431200,31.61
2007-08-10,15.25,15.62,14.75,15.53,2634700,30.37
2007-08-09,16.08,16.08,15.42,15.43,2921400,30.18
2007-08-08,16.29,16.35,15.92,16.08,2385300,31.45
2007-08-07,16.07,16.34,15.97,16.28,3281100,31.84
2007-08-06,16.09,16.20,16.04,16.16,3904300,31.61
2007-08-03,16.04,16.10,15.86,15.94,2155900,31.17
2007-08-02,16.14,16.20,15.94,16.03,1684000,31.35
2007-08-01,15.80,16.60,15.80,16.13,2060400,31.55
2007-07-31,16.10,16.12,15.83,15.85,1735800,31.00
2007-07-30,15.48,16.15,15.48,16.02,1958100,31.33
2007-07-27,16.15,16.21,16.00,16.00,1994500,31.29
2007-07-26,16.58,16.63,16.10,16.18,2857100,31.64
2007-07-25,16.71,16.86,16.61,16.69,1879700,32.64
2007-07-24,16.89,17.10,16.63,16.67,2926200,32.60
2007-07-23,16.90,17.09,16.90,17.03,1092400,33.31
2007-07-20,17.05,17.05,16.88,16.92,1405500,33.09
2007-07-19,17.05,17.14,16.99,17.05,1122600,33.35
2007-07-18,17.03,17.15,16.91,17.06,1707400,33.37
2007-07-17,17.19,17.32,17.08,17.10,1429800,33.44
2007-07-16,17.24,17.32,17.16,17.22,971000,33.68
2007-07-13,17.30,17.35,17.18,17.29,1427300,33.82
2007-07-12,17.24,17.36,17.15,17.36,1758100,33.95
2007-07-11,16.85,17.26,16.85,17.24,2360800,33.72
2007-07-10,17.27,17.27,16.80,16.81,3438200,32.88
2007-07-09,17.40,17.49,17.20,17.34,1304000,33.91
2007-07-06,17.41,17.44,17.23,17.36,986000,33.95
2007-07-05,17.48,17.54,17.39,17.40,788000,34.03
2007-07-03,17.45,17.54,17.30,17.47,684200,34.17
2007-07-02,17.42,17.49,17.40,17.46,1645800,34.15
2007-06-29,17.44,17.66,17.28,17.40,2217300,34.03
2007-06-28,17.30,17.53,17.20,17.44,1274600,34.11
2007-06-27,17.35,17.43,17.19,17.33,1498700,33.89
2007-06-26,17.40,17.46,17.27,17.40,1757300,34.03
2007-06-25,17.34,17.48,17.30,17.36,1429500,33.95
2007-06-22,17.50,17.62,17.34,17.40,1923200,34.03
2007-06-21,17.54,17.65,17.42,17.61,1619500,34.44
2007-06-20,17.78,17.81,17.56,17.57,2321300,34.36
2007-06-19,17.70,17.78,17.59,17.76,1876100,34.73
2007-06-18,17.86,17.94,17.73,17.76,994700,34.73
2007-06-15,17.87,17.99,17.73,17.90,1596400,35.01
2007-06-14,17.80,17.86,17.60,17.83,1241000,34.87
2007-06-13,17.69,17.84,17.65,17.79,1794000,34.79
2007-06-12,17.58,17.69,17.58,17.67,1744900,34.56
2007-06-11,17.53,17.86,17.48,17.68,3835500,34.58
2007-06-08,17.58,17.65,17.46,17.52,2205500,34.27
2007-06-07,17.80,17.84,17.59,17.62,1745300,34.46
2007-06-06,17.90,17.94,17.77,17.85,1671000,34.91
2007-06-05,17.96,18.07,17.85,18.00,1410300,35.01
2007-06-04,18.04,18.10,17.96,18.01,1608100,35.03
2007-06-01,17.96,18.15,17.94,18.12,1870700,35.24
2007-05-31,17.98,17.99,17.89,17.90,2133600,34.81
2007-05-30,17.87,17.97,17.80,17.97,1607300,34.95
2007-05-29,17.80,17.96,17.71,17.92,1709800,34.85
2007-05-25,17.67,17.89,17.67,17.85,2515200,34.72
2007-05-24,17.61,17.74,17.61,17.66,1592800,34.35
2007-05-23,17.67,17.80,17.60,17.66,1936700,34.35
2007-05-22,17.63,17.78,17.59,17.67,2867700,34.37
2007-05-21,17.67,17.80,17.56,17.61,1877800,34.25
2007-05-18,17.60,17.80,17.52,17.78,1753400,34.58
2007-05-17,17.38,17.68,17.30,17.57,2427000,34.17
2007-05-16,17.40,17.52,17.36,17.45,1972200,33.94
2007-05-15,17.19,17.52,17.16,17.35,2451000,33.74
2007-05-14,17.08,17.31,17.05,17.19,3255100,33.43
2007-05-11,17.07,17.16,16.87,17.07,2116400,33.20
2007-05-10,17.16,17.19,16.72,17.02,2454700,33.10
2007-05-09,16.99,17.20,16.91,17.09,2915800,33.24
2007-05-08,16.80,17.02,16.76,16.99,1943000,33.04
2007-05-07,16.74,16.79,16.65,16.74,932100,32.56
2007-05-04,16.58,16.75,16.54,16.70,977400,32.48
2007-05-03,16.64,16.71,16.48,16.63,977700,32.34
2007-05-02,16.62,16.75,16.52,16.66,1390400,32.40
2007-05-01,16.41,16.66,16.33,16.66,1523700,32.40
2007-04-30,16.60,16.65,16.39,16.41,1970600,31.92
2007-04-27,16.50,16.63,16.40,16.56,1976000,32.21
2007-04-26,16.98,16.98,16.43,16.46,4456400,32.01
2007-04-25,16.42,16.92,16.42,16.81,1576300,32.69
2007-04-24,16.81,16.89,16.70,16.84,1553000,32.75
2007-04-23,16.80,16.94,16.72,16.82,1324200,32.71
2007-04-20,16.99,17.00,16.78,16.86,1762100,32.79
2007-04-19,17.03,17.03,16.69,16.79,1166100,32.65
2007-04-18,17.35,17.35,16.74,16.78,1118700,32.64
2007-04-17,16.73,16.98,16.67,16.93,1203300,32.93
2007-04-16,16.90,16.98,16.67,16.72,1781900,32.52
2007-04-13,16.80,16.91,16.64,16.81,967800,32.69
2007-04-12,16.75,16.87,16.68,16.85,1015100,32.77
2007-04-11,16.87,16.90,16.68,16.75,1256200,32.58
2007-04-10,16.93,16.96,16.87,16.90,782500,32.87
2007-04-09,17.00,17.05,16.96,16.99,555600,33.04
2007-04-05,16.90,17.02,16.86,16.99,742000,33.04
2007-04-04,17.17,17.20,16.93,16.96,883100,32.99
2007-04-03,16.90,17.15,16.86,17.15,1384200,33.36
2007-04-02,16.88,16.99,16.71,16.85,1495300,32.77
2007-03-30,16.77,17.07,16.71,16.92,1536800,32.91
2007-03-29,16.80,16.90,16.64,16.77,1132000,32.62
2007-03-28,16.70,16.93,16.66,16.85,1301500,32.77
2007-03-27,16.77,16.90,16.64,16.79,954700,32.65
2007-03-26,16.83,16.87,16.71,16.86,878000,32.79
2007-03-23,16.88,16.97,16.84,16.89,810300,32.85
2007-03-22,17.10,17.10,16.82,16.93,1134700,32.93
2007-03-21,16.73,16.92,16.62,16.90,893700,32.87
2007-03-20,16.61,16.74,16.52,16.72,1007500,32.52
2007-03-19,16.55,16.69,16.46,16.59,3230300,32.27
2007-03-16,16.64,16.65,16.50,16.61,2125500,32.30
2007-03-15,16.43,16.66,16.42,16.63,1043100,32.34
2007-03-14,16.35,16.53,16.22,16.47,1507500,32.03
2007-03-13,16.53,16.64,16.33,16.35,2367100,31.80
2007-03-12,16.70,16.75,16.64,16.66,814700,32.40
2007-03-09,16.50,16.76,16.43,16.70,1641800,32.48
2007-03-08,16.57,16.63,16.44,16.47,1269300,32.03
2007-03-07,16.55,16.75,16.40,16.52,2120500,32.13
2007-03-06,16.46,16.60,16.29,16.58,1783300,32.25
2007-03-05,16.22,16.55,16.17,16.42,1850000,31.94
2007-03-02,16.49,16.55,16.30,16.31,1143400,31.72
2007-03-01,16.40,16.68,16.25,16.58,1618600,32.25
2007-02-28,16.47,16.65,16.41,16.46,2559600,32.01
2007-02-27,17.00,17.11,16.00,16.46,1655900,32.01
2007-02-26,17.23,17.30,17.10,17.15,1342000,33.16
2007-02-23,17.22,17.27,17.14,17.25,682600,33.35
2007-02-22,17.22,17.32,17.14,17.27,927600,33.39
2007-02-21,17.35,17.43,17.18,17.25,1307000,33.35
2007-02-20,17.31,17.45,17.24,17.39,799600,33.62
2007-02-16,17.25,17.37,17.21,17.37,2588000,33.59
2007-02-15,17.36,17.45,17.20,17.36,1279200,33.57
2007-02-14,17.44,17.49,17.30,17.42,1577700,33.68
2007-02-13,17.27,17.41,17.21,17.41,1138400,33.66
2007-02-12,17.21,17.29,17.15,17.23,2659100,33.32
2007-02-09,17.16,17.21,17.05,17.13,1817600,33.12
2007-02-08,17.00,17.25,16.90,17.12,1561000,33.10
2007-02-07,17.27,17.29,16.83,17.00,2248400,32.87
2007-02-06,17.34,17.40,17.30,17.37,689000,33.59
2007-02-05,17.33,17.40,17.22,17.35,957800,33.55
2007-02-02,17.35,17.47,17.27,17.41,1185200,33.66
2007-02-01,17.13,17.32,17.10,17.32,962300,33.49
2007-01-31,17.25,17.30,17.11,17.15,1288000,33.16
2007-01-30,17.19,17.26,17.13,17.24,940200,33.33
2007-01-29,17.06,17.27,17.00,17.18,1340400,33.22
2007-01-26,17.04,17.13,16.91,17.10,1696500,33.06
2007-01-25,17.11,17.15,16.97,16.98,1134100,32.83
2007-01-24,17.10,17.18,17.05,17.14,1384600,33.14
2007-01-23,17.23,17.25,17.06,17.11,1608900,33.08
2007-01-22,17.09,17.30,17.04,17.19,2387600,33.24
2007-01-19,17.01,17.01,16.76,16.93,1121500,32.74
2007-01-18,16.81,16.94,16.76,16.90,1192700,32.68
2007-01-17,16.86,16.96,16.78,16.81,1463200,32.50
2007-01-16,16.84,16.95,16.75,16.91,1596200,32.70
2007-01-12,17.05,17.10,16.90,16.93,1656000,32.74
2007-01-11,17.07,17.10,16.97,17.02,1369800,32.91
2007-01-10,16.96,17.09,16.92,17.09,1352400,33.04
2007-01-09,16.80,17.07,16.78,17.02,1837200,32.91
2007-01-08,16.84,16.84,16.59,16.70,2103200,32.29
2007-01-05,16.83,16.89,16.74,16.84,1564500,32.56
2007-01-04,16.83,16.92,16.64,16.83,1990000,32.54
2007-01-03,17.00,17.13,16.87,16.89,2790700,32.66
2006-12-29,17.05,17.08,16.97,17.03,1516600,32.93
2006-12-28,17.00,17.09,16.91,17.05,1014900,32.97
2006-12-27,17.02,17.06,16.97,17.02,841100,32.91
2006-12-26,17.00,17.04,16.91,17.00,888600,32.87
2006-12-22,17.01,17.05,16.90,17.00,898500,32.87
2006-12-21,17.01,17.08,16.90,17.01,1085600,32.89
2006-12-20,16.96,17.08,16.93,17.01,1331600,32.89
2006-12-19,16.89,17.00,16.89,16.97,1504000,32.81
2006-12-18,16.94,17.00,16.90,16.95,1228300,32.77
2006-12-15,17.07,17.09,16.90,16.94,3119300,32.75
2006-12-14,16.99,17.10,16.97,17.04,1226600,32.95
2006-12-13,17.10,17.15,17.00,17.03,975000,32.93
2006-12-12,17.12,17.14,16.97,17.08,1072800,33.03
2006-12-11,16.97,17.10,16.90,17.10,1119000,33.06
2006-12-08,16.90,17.05,16.90,16.96,1238900,32.79
2006-12-07,17.04,17.18,16.76,16.97,3962800,32.81
2006-12-06,16.94,17.00,16.84,16.96,2878300,32.79
2006-12-05,16.88,16.99,16.83,16.93,1384500,32.74
2006-12-04,16.61,16.91,16.55,16.83,1496400,32.54
2006-12-01,16.55,16.63,16.50,16.57,1146600,32.04
2006-11-30,16.56,16.66,16.51,16.58,1875500,32.06
2006-11-29,16.38,16.63,16.28,16.63,2041400,32.16
2006-11-28,16.19,16.50,16.14,16.49,1813600,31.69
2006-11-27,16.34,16.40,16.14,16.20,1459800,31.13
2006-11-24,16.49,16.55,16.39,16.44,519000,31.60
2006-11-22,16.44,16.61,16.41,16.55,1347200,31.81
2006-11-21,16.43,16.51,16.41,16.47,2936700,31.65
2006-11-20,16.55,16.61,16.40,16.40,1402800,31.52
2006-11-17,16.45,16.71,16.36,16.65,2653900,32.00
2006-11-16,16.40,16.47,16.33,16.40,973600,31.52
2006-11-15,16.33,16.47,16.27,16.38,1726600,31.48
2006-11-14,16.32,16.37,16.24,16.28,1410600,31.29
2006-11-13,16.36,16.48,16.23,16.32,1276900,31.36
2006-11-10,16.40,16.45,16.17,16.36,1484500,31.44
2006-11-09,16.30,16.46,16.26,16.41,1879500,31.54
2006-11-08,16.23,16.38,16.00,16.33,6976800,31.38
2006-11-07,16.50,16.60,16.29,16.29,3182500,31.31
2006-11-06,16.35,16.46,16.20,16.24,4482900,31.21
2006-11-03,16.65,16.68,16.21,16.32,5817600,31.36
2006-11-02,16.94,16.95,16.56,16.71,2412200,32.11
2006-11-01,16.90,17.01,16.84,16.94,2436600,32.56
2006-10-31,17.18,17.21,17.08,17.10,2527900,32.86
2006-10-30,17.04,17.23,17.03,17.19,1707200,33.04
2006-10-27,17.09,17.20,17.01,17.07,1898600,32.81
2006-10-26,17.00,17.18,17.00,17.14,2296500,32.94
2006-10-25,16.90,17.06,16.86,17.04,2132500,32.75
2006-10-24,16.84,16.95,16.81,16.90,2742300,32.48
2006-10-23,16.83,16.95,16.82,16.90,3624200,32.48
2006-10-20,16.89,16.89,16.78,16.83,4090900,32.34
2006-10-19,16.75,16.87,16.71,16.84,2294200,32.36
2006-10-18,16.72,16.88,16.70,16.79,1579400,32.27
2006-10-17,16.49,16.70,16.46,16.60,1413200,31.90
2006-10-16,16.47,16.60,16.47,16.59,862100,31.88
2006-10-13,16.85,17.08,16.44,16.53,1037300,31.77
2006-10-12,16.38,16.48,16.38,16.44,785900,31.60
2006-10-11,16.29,16.38,16.25,16.37,926500,31.46
2006-10-10,16.41,16.41,16.24,16.30,3845900,31.33
2006-10-09,16.41,16.45,16.25,16.37,1370800,31.46
2006-10-06,16.50,16.58,16.37,16.49,2022100,31.69
2006-10-05,16.30,16.55,16.21,16.49,2126100,31.69
2006-10-04,16.50,16.60,16.30,16.33,3712800,31.38
2006-10-03,16.08,16.39,16.00,16.06,2374400,30.86
2006-10-02,16.07,16.16,16.01,16.07,1952100,30.88
2006-09-29,15.95,16.12,15.90,16.07,2327000,30.88
2006-09-28,15.99,16.17,15.90,16.03,2159400,30.81
2006-09-27,15.88,16.07,15.78,16.00,2523600,30.75
2006-09-26,15.49,15.99,15.32,15.95,3440100,30.65
2006-09-25,15.35,15.62,15.19,15.55,2796200,29.88
2006-09-22,15.25,15.37,15.18,15.33,1888900,29.46
2006-09-21,15.21,15.33,15.10,15.31,2606600,29.42
2006-09-20,15.11,15.32,15.10,15.20,3842000,29.21
2006-09-19,15.00,15.10,14.91,14.98,1947400,28.79
2006-09-18,15.00,15.03,14.91,14.96,2379100,28.75
2006-09-15,15.23,15.58,14.78,15.00,2795400,28.83
2006-09-14,14.98,15.05,14.85,14.99,2523500,28.81
2006-09-13,14.88,15.00,14.55,14.97,2083200,28.77
2006-09-12,14.60,14.84,14.56,14.84,2120200,28.52
2006-09-11,14.41,14.65,14.41,14.64,1428900,28.14
2006-09-08,14.46,14.59,14.37,14.50,2120000,27.67
2006-09-07,14.78,14.99,14.35,14.35,6449300,27.39
2006-09-06,14.36,14.88,14.08,14.78,4883100,28.21
2006-09-05,16.61,16.69,16.41,16.68,1400900,27.06
2006-09-01,16.71,16.73,16.63,16.70,1299000,27.09
2006-08-31,16.73,16.80,16.62,16.63,1772900,26.98
2006-08-30,16.74,16.80,16.68,16.73,893800,27.14
2006-08-29,16.67,16.78,16.60,16.72,1624000,27.13
2006-08-28,16.60,16.79,16.52,16.73,1129100,27.14
2006-08-25,16.56,16.71,16.41,16.67,3135600,27.04
2006-08-24,16.74,16.78,16.54,16.56,987500,26.87
2006-08-23,16.78,16.80,16.65,16.68,945600,27.06
2006-08-22,16.73,16.83,16.67,16.77,2087200,27.21
2006-08-21,16.80,16.88,16.66,16.69,1500400,27.08
2006-08-18,16.99,16.99,16.83,16.89,1873100,27.40
2006-08-17,16.83,16.99,16.70,16.97,3975300,27.53
2006-08-16,17.04,17.07,16.65,16.93,3583600,27.47
2006-08-15,17.02,17.10,17.00,17.04,5522200,27.64
2006-08-14,16.90,17.11,16.90,17.02,2229700,27.61
2006-08-11,16.75,16.91,16.65,16.78,3342700,27.22
2006-08-10,16.45,16.91,16.45,16.84,2091700,27.32
2006-08-09,16.58,16.69,16.42,16.54,2828300,26.83
2006-08-08,16.75,16.85,16.43,16.61,3232700,26.95
2006-08-07,16.94,17.05,16.91,17.00,2069600,27.58
2006-08-04,16.94,17.05,16.86,17.03,2640700,27.63
2006-08-03,16.94,16.97,16.83,16.87,2511500,27.37
2006-08-02,16.89,17.00,16.74,16.94,1557500,27.48
2006-08-01,16.80,16.94,16.79,16.87,1665700,27.37
2006-07-31,16.84,17.00,16.70,16.90,1294200,27.42
2006-07-28,16.36,16.97,16.36,16.94,1633200,27.48
2006-07-27,16.53,16.63,16.30,16.34,1324000,26.51
2006-07-26,16.71,16.71,16.46,16.54,1059700,26.83
2006-07-25,16.75,16.91,16.61,16.80,1421000,27.25
2006-07-24,16.61,16.72,16.50,16.72,1215000,27.13
2006-07-21,16.60,16.67,16.35,16.61,1785500,26.95
2006-07-20,16.53,16.68,16.45,16.55,1116200,26.85
2006-07-19,16.45,16.60,16.40,16.58,1521600,26.90
2006-07-18,16.45,16.59,16.27,16.38,1408400,26.57
2006-07-17,16.35,16.58,16.35,16.51,1335100,26.78
2006-07-14,16.37,16.41,16.27,16.33,2467600,26.49
2006-07-13,16.51,16.62,16.42,16.45,2100800,26.69
2006-07-12,16.60,16.66,16.46,16.62,2538600,26.96
2006-07-11,16.59,16.70,16.38,16.62,2377300,26.96
2006-07-10,16.20,16.66,16.11,16.52,2787200,26.80
2006-07-07,16.18,16.20,16.05,16.15,1660800,26.20
2006-07-06,16.10,16.18,16.07,16.15,1604300,26.20
2006-07-05,16.19,16.20,16.06,16.17,1834500,26.23
2006-07-03,16.10,16.22,15.97,16.21,4307400,26.30
2006-06-30,16.14,16.20,16.02,16.02,3475900,25.99
2006-06-29,16.25,16.28,15.89,16.09,2787200,26.10
2006-06-28,15.97,16.16,15.92,16.11,1807300,26.14
2006-06-27,16.35,16.35,15.92,15.97,3638200,25.91
2006-06-26,16.20,16.51,16.00,16.35,2827900,26.52
2006-06-23,16.71,16.77,16.60,16.62,1207500,26.96
2006-06-22,16.70,16.83,16.64,16.73,2173100,27.14
2006-06-21,16.97,16.98,16.70,16.77,2294400,27.21
2006-06-20,17.02,17.07,16.91,16.94,1069100,27.48
2006-06-19,17.06,17.20,16.94,17.03,1405600,27.63
2006-06-16,17.07,17.23,17.01,17.12,1536400,27.77
2006-06-15,16.99,17.24,16.92,17.16,1458200,27.84
2006-06-14,16.88,17.05,16.82,17.00,1438400,27.58
2006-06-13,17.25,17.28,16.80,16.89,2538800,27.40
2006-06-12,17.29,17.42,17.24,17.26,1317200,28.00
2006-06-09,17.36,17.49,17.19,17.29,2501500,28.05
2006-06-08,17.49,17.53,17.27,17.40,2045700,28.23
2006-06-07,17.27,17.49,17.25,17.42,2323200,28.26
2006-06-06,17.44,17.47,17.22,17.30,2291100,28.07
2006-06-05,17.30,17.47,17.29,17.45,2975400,28.31
2006-06-02,17.41,17.42,17.23,17.40,3818700,28.23
2006-06-01,17.00,17.50,16.95,17.47,3927800,28.34
2006-05-31,16.87,17.00,16.81,16.97,2516700,27.53
2006-05-30,17.05,17.05,16.77,16.78,1508600,27.22
2006-05-26,17.15,17.29,17.12,17.20,1882500,27.58
2006-05-25,17.14,17.15,17.02,17.09,1662600,27.41
2006-05-24,17.17,17.28,16.97,17.08,3144600,27.39
2006-05-23,17.37,17.43,17.06,17.07,2454600,27.37
2006-05-22,17.38,17.59,17.33,17.35,2118200,27.82
2006-05-19,17.44,17.59,17.36,17.50,1260700,28.06
2006-05-18,17.25,17.68,17.25,17.38,1437000,27.87
2006-05-17,17.74,17.74,17.52,17.52,3125300,28.10
2006-05-16,17.87,17.95,17.72,17.75,1558800,28.46
2006-05-15,17.96,18.04,17.84,17.94,1479700,28.77
2006-05-12,17.71,18.00,17.70,17.91,1569400,28.72
2006-05-11,18.20,18.21,17.80,17.85,1413100,28.62
2006-05-10,18.10,18.35,18.07,18.28,1623900,29.31
2006-05-09,18.00,18.49,17.86,18.35,3434000,29.43
2006-05-08,18.45,18.77,18.31,18.69,1600700,29.97
2006-05-05,18.08,18.82,18.04,18.55,4216200,29.75
2006-05-04,17.97,18.14,17.94,18.11,1255400,29.04
2006-05-03,18.06,18.08,17.89,17.94,1383900,28.77
2006-05-02,17.76,18.08,17.72,18.07,1913500,28.98
2006-05-01,17.80,17.99,17.71,17.71,1271900,28.40
2006-04-28,17.89,18.03,17.71,17.87,1898100,28.66
2006-04-27,17.77,18.03,17.77,17.98,932800,28.83
2006-04-26,17.79,17.95,17.78,17.89,921200,28.69
2006-04-25,17.85,17.90,17.72,17.80,792400,28.54
2006-04-24,17.78,17.92,17.76,17.85,693800,28.62
2006-04-21,17.92,17.97,17.70,17.87,1057300,28.66
2006-04-20,17.63,17.83,17.60,17.81,947100,28.56
2006-04-19,17.62,17.74,17.53,17.63,883000,28.27
2006-04-18,17.46,17.74,17.43,17.66,1350200,28.32
2006-04-17,17.50,17.58,17.38,17.46,935400,28.00
2006-04-13,17.53,17.59,17.50,17.52,944300,28.10
2006-04-12,17.64,17.70,17.52,17.54,1191800,28.13
2006-04-11,17.77,17.83,17.63,17.69,1361200,28.37
2006-04-10,17.95,17.97,17.75,17.79,1027400,28.53
2006-04-07,18.07,18.20,17.91,17.93,1301200,28.75
2006-04-06,18.12,18.13,17.87,18.02,1471500,28.90
2006-04-05,18.24,18.25,18.06,18.16,1277500,29.12
2006-04-04,18.15,18.26,18.10,18.26,1863200,29.28
2006-04-03,17.90,18.15,17.82,18.13,1426000,29.07
2006-03-31,18.01,18.05,17.83,17.88,1156800,28.67
2006-03-30,17.95,18.15,17.85,18.05,871900,28.95
2006-03-29,17.77,18.05,17.77,17.92,1396300,28.74
2006-03-28,18.01,18.10,17.79,17.84,1302900,28.61
2006-03-27,18.02,18.13,17.96,18.02,793900,28.90
2006-03-24,18.08,18.11,17.98,18.05,877300,28.95
2006-03-23,18.16,18.20,18.00,18.11,790900,29.04
2006-03-22,18.11,18.25,18.01,18.22,732400,29.22
2006-03-21,18.15,18.20,18.00,18.09,888600,29.01
2006-03-20,18.22,18.29,17.99,18.07,984700,28.98
2006-03-17,18.14,18.27,18.09,18.18,1728500,29.15
2006-03-16,17.99,18.08,17.97,18.05,1068900,28.95
2006-03-15,18.00,18.07,17.77,17.99,1535500,28.85
2006-03-14,17.67,18.09,17.67,18.06,1559400,28.96
2006-03-13,17.77,17.85,17.65,17.70,1069500,28.38
2006-03-10,17.62,17.81,17.55,17.80,1345600,28.54
2006-03-09,17.53,17.66,17.49,17.56,943700,28.16
2006-03-08,17.36,17.54,17.34,17.53,1112000,28.11
2006-03-07,17.48,17.52,17.33,17.42,1118200,27.94
2006-03-06,17.43,17.52,17.35,17.49,1001700,28.05
2006-03-03,17.36,17.51,17.35,17.46,1115000,28.00
2006-03-02,17.53,17.64,17.44,17.46,1241300,28.00
2006-03-01,17.65,17.76,17.55,17.57,3600500,28.18
2006-02-28,17.92,17.93,17.64,17.67,1580700,28.34
2006-02-27,17.65,18.02,17.65,17.97,1658400,28.82
2006-02-24,17.80,17.93,17.73,17.91,1091300,28.40
2006-02-23,17.90,17.95,17.80,17.84,965700,28.29
2006-02-22,17.76,17.97,17.73,17.96,1251100,28.48
2006-02-21,17.80,17.92,17.74,17.82,1388800,28.26
2006-02-17,17.86,17.94,17.79,17.87,922200,28.34
2006-02-16,17.99,18.00,17.82,17.92,1082300,28.42
2006-02-15,17.77,18.03,17.69,17.99,1603700,28.53
2006-02-14,17.55,17.94,17.53,17.85,1560000,28.31
2006-02-13,17.90,17.93,17.55,17.57,1444000,27.86
2006-02-10,17.62,17.96,17.60,17.91,1304000,28.40
2006-02-09,17.65,17.82,17.61,17.69,1819500,28.05
2006-02-08,17.53,17.70,17.39,17.65,1942000,27.99
2006-02-07,17.77,17.81,17.52,17.53,1877100,27.80
2006-02-06,17.79,17.95,17.75,17.86,2439100,28.32
2006-02-03,18.01,18.03,17.50,17.55,3460500,27.83
2006-02-02,18.27,18.43,18.05,18.13,1997600,28.75
2006-02-01,18.24,18.40,18.21,18.27,3558500,28.97
2006-01-31,18.30,18.45,18.20,18.28,1769100,28.99
2006-01-30,18.65,18.65,18.34,18.37,2627800,29.13
2006-01-27,18.59,18.71,18.46,18.60,1835900,29.50
2006-01-26,18.44,18.65,18.39,18.59,2185300,29.48
2006-01-25,18.25,18.39,18.20,18.37,1558700,29.13
2006-01-24,18.35,18.46,18.23,18.25,1852800,28.94
2006-01-23,18.49,18.53,18.31,18.38,1164900,29.15
2006-01-20,18.66,18.74,18.49,18.53,1365000,29.39
2006-01-19,18.70,18.80,18.59,18.65,1231200,29.58
2006-01-18,18.70,18.75,18.55,18.70,1364000,29.66
2006-01-17,18.51,18.81,18.51,18.75,2354400,29.74
2006-01-13,18.63,18.81,18.57,18.60,1054800,29.50
2006-01-12,18.50,18.60,18.46,18.59,1360400,29.48
2006-01-11,18.75,18.82,18.51,18.55,1718900,29.42
2006-01-10,18.83,18.84,18.69,18.73,1142700,29.70
2006-01-09,18.90,18.90,18.76,18.88,1305700,29.94
2006-01-06,18.90,18.98,18.72,18.90,1386800,29.97
2006-01-05,18.80,18.89,18.76,18.85,1519700,29.89
2006-01-04,18.91,19.07,18.80,18.80,2451500,29.82
2006-01-03,19.64,19.64,18.78,18.95,1537200,30.05
2005-12-30,18.89,19.02,18.85,18.90,1322300,29.97
2005-12-29,18.99,19.10,18.87,18.97,1615000,30.08
2005-12-28,19.00,19.19,18.99,19.02,1500900,30.16
2005-12-27,19.10,19.23,18.93,18.98,1189300,30.10
2005-12-23,18.92,19.04,18.90,19.01,1461500,30.15
2005-12-22,18.84,18.93,18.78,18.90,1352200,29.97
2005-12-21,18.70,18.84,18.67,18.82,1594500,29.85
2005-12-20,18.80,18.92,18.59,18.63,2217500,29.55
2005-12-19,18.93,19.00,18.75,18.75,1721900,29.74
2005-12-16,18.69,19.12,18.66,18.90,7076200,29.97
2005-12-15,18.16,18.56,18.16,18.26,2746400,28.96
2005-12-14,18.00,18.33,17.98,18.21,1763000,28.88
2005-12-13,17.96,18.08,17.92,18.02,1303900,28.58
2005-12-12,17.95,18.02,17.90,18.00,1657600,28.55
2005-12-09,18.00,18.05,17.91,17.95,1151400,28.47
2005-12-08,18.00,18.12,17.91,17.97,1734800,28.50
2005-12-07,18.01,18.06,17.89,18.02,1658500,28.58
2005-12-06,18.05,18.13,18.00,18.02,1456900,28.58
2005-12-05,18.11,18.18,17.96,18.03,1523700,28.59
2005-12-02,18.12,18.20,18.03,18.13,1564500,28.75
2005-12-01,18.10,18.40,17.92,18.17,1943600,28.82
2005-11-30,18.15,18.21,18.01,18.06,2417900,28.64
2005-11-29,18.18,18.24,18.05,18.13,2339300,28.75
2005-11-28,18.14,18.25,18.08,18.24,2152800,28.61
2005-11-25,18.17,18.20,18.05,18.11,706900,28.41
2005-11-23,18.02,18.20,18.00,18.10,983500,28.39
2005-11-22,17.90,18.04,17.82,18.01,3300400,28.25
2005-11-21,17.87,17.99,17.81,17.96,1289800,28.17
2005-11-18,17.99,18.00,17.71,17.96,1429000,28.17
2005-11-17,17.68,17.86,17.61,17.73,2411300,27.81
2005-11-16,17.94,18.00,17.73,17.76,1551300,27.86
2005-11-15,17.98,18.09,17.89,17.94,1357400,28.14
2005-11-14,18.18,18.20,17.94,18.06,922200,28.33
2005-11-11,18.03,18.18,18.01,18.14,1206900,28.46
2005-11-10,17.79,18.14,17.72,18.09,1593500,28.38
2005-11-09,17.61,17.83,17.59,17.74,1054200,27.83
2005-11-08,17.50,17.70,17.43,17.62,1786400,27.64
2005-11-07,17.69,17.80,17.55,17.59,1490100,27.59
2005-11-04,17.83,18.03,17.60,17.73,1658800,27.81
2005-11-03,17.70,18.49,17.64,17.87,2497300,28.03
2005-11-02,17.35,17.59,17.31,17.48,3940600,27.42
2005-11-01,17.75,17.75,17.40,17.65,2181700,27.69
2005-10-31,17.63,17.89,17.60,17.85,2126600,28.00
2005-10-28,17.77,17.79,17.55,17.68,2022200,27.73
2005-10-27,17.70,17.93,17.65,17.71,1564800,27.78
2005-10-26,18.00,18.23,17.91,17.96,1491700,28.17
2005-10-25,18.16,18.27,18.00,18.11,1960000,28.41
2005-10-24,18.14,18.24,18.13,18.16,1256600,28.49
2005-10-21,18.29,18.40,18.14,18.15,1302000,28.47
2005-10-20,18.35,18.44,18.22,18.28,1129900,28.68
2005-10-19,18.35,18.50,18.27,18.43,1111800,28.91
2005-10-18,18.48,18.53,18.40,18.43,1006200,28.91
2005-10-17,18.43,18.54,18.32,18.47,894900,28.97
2005-10-14,18.36,18.60,18.30,18.50,1099500,29.02
2005-10-13,18.40,18.51,18.31,18.38,1069300,28.83
2005-10-12,18.50,18.73,18.40,18.49,1231500,29.01
2005-10-11,18.71,18.82,18.55,18.58,1124800,29.15
2005-10-10,18.80,18.89,18.64,18.71,1232800,29.35
2005-10-07,18.70,18.88,18.62,18.77,1550100,29.44
2005-10-06,18.71,18.87,18.55,18.61,1483200,29.19
2005-10-05,18.77,18.97,18.69,18.71,1270300,29.35
2005-10-04,18.98,19.14,18.81,18.88,1234300,29.62
2005-10-03,19.00,19.03,18.82,18.97,1397700,29.76
2005-09-30,18.78,18.96,18.68,18.95,1499500,29.73
2005-09-29,18.77,18.92,18.65,18.87,930500,29.60
2005-09-28,18.75,18.88,18.67,18.84,1089300,29.55
2005-09-27,18.73,18.75,18.61,18.68,1317300,29.30
2005-09-26,18.72,18.77,18.60,18.72,1574800,29.37
2005-09-23,18.67,18.77,18.65,18.73,1260200,29.38
2005-09-22,18.64,18.76,18.59,18.67,1676500,29.29
2005-09-21,18.75,18.78,18.65,18.66,1641800,29.27
2005-09-20,18.86,19.00,18.75,18.84,1799800,29.55
2005-09-19,18.91,19.23,18.82,18.96,1706700,29.74
2005-09-16,19.01,19.03,18.77,18.99,2119300,29.79
2005-09-15,18.83,18.95,18.76,18.93,1143900,29.70
2005-09-14,19.06,19.13,18.87,18.90,1901900,29.65
2005-09-13,19.30,19.38,19.00,19.03,1419200,29.85
2005-09-12,19.15,19.26,19.05,19.20,1274300,30.12
2005-09-09,19.20,19.26,19.07,19.15,1015800,30.04
2005-09-08,19.40,19.40,18.92,19.15,1718700,30.04
2005-09-07,19.04,19.10,18.91,19.10,1828100,29.96
2005-09-06,18.97,19.04,18.84,19.04,1456900,29.87
2005-09-02,18.90,19.07,18.89,18.93,1455300,29.70
2005-09-01,18.96,19.15,18.80,18.83,2243900,29.54
2005-08-31,19.05,19.14,18.88,19.00,2385300,29.81
2005-08-30,19.00,19.15,18.91,19.06,1795400,29.90
2005-08-29,19.20,19.32,19.12,19.26,1099200,29.90
2005-08-26,19.35,19.36,19.21,19.21,1980300,29.82
2005-08-25,19.65,19.67,19.41,19.44,1553600,30.18
2005-08-24,19.70,19.78,19.53,19.56,1253900,30.37
2005-08-23,19.76,19.86,19.73,19.75,1195400,30.66
2005-08-22,19.94,20.06,19.74,19.81,1892800,30.76
2005-08-19,19.92,20.00,19.80,19.96,956700,30.99
2005-08-18,19.81,19.85,19.76,19.82,939200,30.77
2005-08-17,19.66,19.84,19.66,19.77,799000,30.69
2005-08-16,19.88,19.91,19.69,19.71,1111200,30.60
2005-08-15,19.84,20.15,19.78,19.94,1028000,30.96
2005-08-12,19.81,19.99,19.29,19.86,1694700,30.83
2005-08-11,20.02,20.09,19.87,19.94,2597500,30.96
2005-08-10,20.40,20.56,19.89,20.02,3936100,31.08
2005-08-09,20.48,20.54,20.36,20.40,1632000,31.67
2005-08-08,20.52,20.61,20.41,20.49,2141300,31.81
2005-08-05,20.55,20.70,20.05,20.37,3583700,31.63
2005-08-04,19.70,20.95,19.41,20.87,4855800,32.40
2005-08-03,20.00,20.41,19.92,20.35,2494200,31.59
2005-08-02,19.93,20.09,19.79,19.85,1318800,30.82
2005-08-01,19.93,20.14,19.86,19.87,1806600,30.85
2005-07-29,19.81,19.97,19.74,19.93,1470700,30.94
2005-07-28,19.55,19.82,19.55,19.77,1695800,30.69
2005-07-27,19.41,19.60,19.37,19.55,840000,30.35
2005-07-26,19.56,19.59,19.28,19.46,1330700,30.21
2005-07-25,19.50,19.60,19.40,19.52,1084700,30.31
2005-07-22,19.41,19.47,19.25,19.45,1004000,30.20
2005-07-21,19.50,19.51,19.35,19.45,1260900,30.20
2005-07-20,19.64,19.65,19.20,19.54,2379000,30.34
2005-07-19,19.87,20.00,19.55,19.64,1398100,30.49
2005-07-18,20.01,20.05,19.84,19.86,1100400,30.83
2005-07-15,19.89,20.04,19.88,20.03,1314500,31.10
2005-07-14,19.89,19.91,19.74,19.88,1485900,30.87
2005-07-13,19.61,19.75,19.60,19.70,852500,30.59
2005-07-12,19.56,19.75,19.34,19.70,990100,30.59
2005-07-11,19.44,19.58,19.36,19.56,1638900,30.37
2005-07-08,19.26,19.52,19.15,19.39,1345600,30.10
2005-07-07,19.20,19.35,19.10,19.26,1719000,29.90
2005-07-06,19.56,19.73,19.39,19.40,3337300,30.12
2005-07-05,19.65,19.68,19.51,19.60,1184700,30.43
2005-07-01,19.80,19.87,19.61,19.65,1537700,30.51
2005-06-30,19.60,19.97,19.60,19.81,2862100,30.76
2005-06-29,19.61,19.69,19.54,19.63,2340100,30.48
2005-06-28,19.49,19.63,19.38,19.61,1205400,30.45
2005-06-27,19.31,19.43,19.31,19.41,1341700,30.14
2005-06-24,19.28,19.38,19.24,19.31,1140300,29.98
2005-06-23,19.47,19.55,19.24,19.33,1824800,30.01
2005-06-22,19.77,19.83,19.45,19.46,1382600,30.21
2005-06-21,19.69,19.84,19.61,19.78,1063600,30.71
2005-06-20,19.76,19.84,19.61,19.66,1152400,30.52
2005-06-17,20.05,20.05,19.72,19.85,1755500,30.82
2005-06-16,19.90,19.97,19.80,19.89,874000,30.88
2005-06-15,19.86,19.98,19.80,19.94,1219800,30.96
2005-06-14,19.87,19.94,19.82,19.87,992600,30.85
2005-06-13,19.86,20.06,19.80,19.83,1433800,30.79
2005-06-10,19.98,20.01,19.77,19.96,965900,30.99
2005-06-09,20.05,20.17,19.97,19.98,1394200,31.02
2005-06-08,20.34,20.40,20.10,20.15,995500,31.28
2005-06-07,20.34,20.50,20.17,20.34,1389600,31.58
2005-06-06,20.33,20.39,20.24,20.29,984400,31.50
2005-06-03,20.41,20.69,20.39,20.44,826800,31.73
2005-06-02,20.42,20.55,20.38,20.46,967800,31.77
2005-06-01,20.25,20.58,20.25,20.55,1205600,31.91
2005-05-31,20.55,20.57,20.24,20.29,1211600,31.50
2005-05-27,20.63,20.66,20.46,20.61,811600,32.00
2005-05-26,20.90,20.90,20.71,20.83,860300,32.03
2005-05-25,21.06,21.14,20.73,20.79,1164100,31.97
2005-05-24,20.99,21.16,20.85,21.16,1363200,32.54
2005-05-23,21.22,21.23,21.06,21.08,780600,32.42
2005-05-20,20.89,21.18,20.83,21.18,1173500,32.57
2005-05-19,20.90,21.24,20.77,20.89,950600,32.12
2005-05-18,20.69,20.96,20.62,20.91,932200,32.16
2005-05-17,20.50,20.69,20.46,20.65,924600,31.76
2005-05-16,20.58,20.74,20.53,20.59,745900,31.66
2005-05-13,20.80,20.82,20.38,20.54,745500,31.59
2005-05-12,20.80,20.88,20.61,20.81,1155500,32.00
2005-05-11,20.74,20.91,20.59,20.81,1200900,32.00
2005-05-10,21.10,21.20,20.77,20.83,1752900,32.03
2005-05-09,21.25,21.30,21.04,21.30,1328000,32.76
2005-05-06,21.68,21.73,21.51,21.55,800100,33.14
2005-05-05,21.77,21.80,21.30,21.55,763900,33.14
2005-05-04,21.62,21.83,21.60,21.80,850900,33.52
2005-05-03,21.27,22.02,21.25,21.54,2052600,33.12
2005-05-02,21.39,21.49,21.10,21.18,1139300,32.57
2005-04-29,20.88,21.48,20.84,21.39,1896500,32.89
2005-04-28,21.10,21.22,20.79,20.86,1997000,32.08
2005-04-27,21.15,21.37,21.00,21.31,2048500,32.77
2005-04-26,21.40,21.41,20.50,21.33,2797300,32.80
2005-04-25,21.70,21.92,21.67,21.86,744700,33.62
2005-04-22,21.73,21.81,21.56,21.73,903100,33.42
2005-04-21,21.60,21.73,21.48,21.70,1052600,33.37
2005-04-20,21.64,21.75,21.45,21.53,1672200,33.11
2005-04-19,21.70,21.83,21.57,21.73,1170600,33.42
2005-04-18,21.75,21.80,21.50,21.60,1205200,33.22
2005-04-15,21.78,21.85,21.66,21.72,1361900,33.40
2005-04-14,21.79,21.98,21.70,21.86,1023600,33.62
2005-04-13,22.05,22.10,21.55,21.67,1254400,33.32
2005-04-12,22.04,22.14,21.90,22.09,824800,33.97
2005-04-11,22.02,22.07,21.88,22.03,608300,33.88
2005-04-08,21.96,22.11,21.92,22.05,584800,33.91
2005-04-07,22.07,22.13,21.86,22.02,1126100,33.86
2005-04-06,22.10,22.15,22.00,22.10,978900,33.99
2005-04-05,22.11,22.17,22.00,22.10,885900,33.99
2005-04-04,22.13,22.22,21.94,22.11,1396300,34.00
2005-04-01,22.25,22.31,21.85,22.01,1662000,33.85
2005-03-31,22.00,22.20,21.90,22.16,1596200,34.08
2005-03-30,21.85,22.12,21.85,21.98,1855600,33.80
2005-03-29,21.90,22.15,21.83,21.97,1552500,33.79
2005-03-28,21.76,22.08,21.76,21.90,1177200,33.68
2005-03-24,21.82,21.88,21.69,21.73,1392200,33.42
2005-03-23,21.44,21.86,21.44,21.68,2265500,33.34
2005-03-22,21.54,21.58,21.30,21.36,1765100,32.85
2005-03-21,21.36,21.51,21.20,21.44,1605300,32.97
2005-03-18,21.25,21.32,21.09,21.30,2346900,32.76
2005-03-17,21.10,21.33,20.99,21.25,1597200,32.68
2005-03-16,21.20,21.24,20.92,21.01,2143500,32.31
2005-03-15,21.75,21.76,21.15,21.34,1925200,32.82
2005-03-14,21.91,21.94,21.55,21.74,1317700,33.43
2005-03-11,22.01,22.07,21.85,21.90,1365900,33.68
2005-03-10,22.08,22.08,21.87,21.99,1963100,33.82
2005-03-09,22.15,22.20,21.75,21.85,2113800,33.60
2005-03-08,22.40,22.40,22.04,22.14,1039300,34.05
2005-03-07,22.45,22.47,22.26,22.37,926700,34.40
2005-03-04,22.40,22.47,22.33,22.43,898600,34.49
2005-03-03,22.43,22.46,22.32,22.39,1206700,34.43
2005-03-02,22.34,22.47,22.27,22.39,1230400,34.43
2005-03-01,22.40,22.50,22.30,22.42,2203100,34.48
2005-02-28,22.60,22.60,22.39,22.40,1301100,34.45
2005-02-25,22.70,22.70,22.35,22.58,984200,34.72
2005-02-24,22.60,22.74,22.29,22.71,2356100,34.62
2005-02-23,22.85,22.85,22.39,22.53,2271300,34.34
2005-02-22,23.01,23.25,22.70,22.70,1976300,34.60
2005-02-18,23.54,23.54,22.96,22.97,1898400,35.02
2005-02-17,23.60,23.87,23.34,23.47,2320100,35.78
2005-02-16,23.25,23.40,23.19,23.21,1241500,35.38
2005-02-15,23.50,23.61,23.24,23.25,1771500,35.44
2005-02-14,23.67,23.68,23.32,23.44,963900,35.73
2005-02-11,23.93,23.93,23.38,23.57,1997000,35.93
2005-02-10,24.00,24.61,23.25,23.92,5950700,36.46
2005-02-09,23.15,23.29,22.95,22.97,874700,35.02
2005-02-08,23.35,23.35,23.20,23.22,1134300,35.40
2005-02-07,23.30,23.44,23.12,23.35,1508300,35.59
2005-02-04,23.49,23.61,23.19,23.30,1845000,35.52
2005-02-03,23.60,23.67,23.45,23.48,941300,35.79
2005-02-02,23.69,23.75,23.50,23.74,1000000,36.19
2005-02-01,23.50,23.68,23.37,23.64,1534800,36.04
2005-01-31,23.30,23.49,23.19,23.48,1532000,35.79
2005-01-28,23.10,23.45,23.03,23.30,1915100,35.52
2005-01-27,22.60,23.36,22.51,23.23,2223100,35.41
2005-01-26,22.75,22.78,22.24,22.59,2671100,34.44
2005-01-25,23.89,23.89,22.60,22.90,5438900,34.91
2005-01-24,24.72,25.00,24.56,24.95,2481700,38.03
2005-01-21,24.65,24.77,24.41,24.72,1310500,37.68
2005-01-20,24.44,24.65,24.33,24.54,1335000,37.41
2005-01-19,24.30,24.45,24.08,24.28,882900,37.01
2005-01-18,23.82,24.30,23.58,24.30,868300,37.04
2005-01-14,23.74,23.90,23.65,23.85,729900,36.36
2005-01-13,23.84,23.98,23.65,23.71,881200,36.14
2005-01-12,23.60,23.94,23.54,23.91,689200,36.45
2005-01-11,24.07,24.15,23.55,23.55,768300,35.90
2005-01-10,23.67,24.04,23.63,24.01,756300,36.60
2005-01-07,23.87,23.94,23.61,23.82,566600,36.31
2005-01-06,23.83,23.92,23.66,23.75,906700,36.20
2005-01-05,24.30,24.30,23.86,23.86,1007800,36.37
2005-01-04,24.15,24.32,24.06,24.31,1537800,37.06
2005-01-03,24.20,24.35,23.93,23.99,1057600,36.57
2004-12-31,24.25,24.25,24.01,24.14,434300,36.80
2004-12-30,24.11,24.25,24.06,24.23,497900,36.94
2004-12-29,24.29,24.32,24.10,24.10,439600,36.74
2004-12-28,24.09,24.23,24.02,24.23,633500,36.94
2004-12-27,24.10,24.28,23.93,23.93,673200,36.48
2004-12-23,24.10,24.20,23.90,24.02,632900,36.62
2004-12-22,24.25,24.30,23.98,24.00,1234300,36.59
2004-12-21,24.00,24.24,23.95,24.20,890300,36.89
2004-12-20,24.32,24.39,23.84,23.97,834500,36.54
2004-12-17,24.10,24.45,23.90,24.18,1882500,36.86
2004-12-16,24.35,24.49,24.21,24.49,1083100,37.33
2004-12-15,24.25,24.45,24.11,24.44,989500,37.26
2004-12-14,24.12,24.42,23.90,24.41,1314200,37.21
2004-12-13,24.12,24.15,23.82,24.07,1312300,36.69
2004-12-10,24.00,24.06,23.57,24.02,1329300,36.62
2004-12-09,23.00,23.65,23.00,23.60,1274000,35.98
2004-12-08,23.39,23.67,23.33,23.51,937900,35.84
2004-12-07,23.61,23.65,23.27,23.42,979700,35.70
2004-12-06,23.80,23.84,23.60,23.67,613600,36.08
2004-12-03,23.82,24.06,23.80,23.82,643600,36.31
2004-12-02,23.45,23.99,23.45,23.84,832800,36.34
2004-12-01,23.50,23.75,23.45,23.55,1047800,35.90
2004-11-30,23.58,23.65,23.34,23.48,915000,35.79
2004-11-29,23.75,23.90,23.50,23.55,743100,35.90
2004-11-26,23.83,24.08,23.83,23.90,318800,36.13
2004-11-24,23.85,23.98,23.78,23.83,605900,36.03
2004-11-23,24.05,24.17,23.76,23.85,1217500,36.06
2004-11-22,24.03,24.15,23.94,24.15,609300,36.51
2004-11-19,24.35,24.35,23.95,24.03,596000,36.33
2004-11-18,24.39,24.40,24.12,24.33,880800,36.78
2004-11-17,24.10,24.40,24.10,24.35,1034600,36.81
2004-11-16,24.16,24.28,24.01,24.13,796600,36.48
2004-11-15,24.34,24.34,24.07,24.24,989900,36.65
2004-11-12,23.99,24.43,23.97,24.32,1011600,36.77
2004-11-11,23.87,24.07,23.66,24.07,1383300,36.39
2004-11-10,23.27,23.86,23.27,23.78,1809400,35.95
2004-11-09,23.29,23.37,23.16,23.27,1176600,35.18
2004-11-08,23.34,23.35,23.02,23.28,967400,35.19
2004-11-05,23.31,23.33,23.12,23.31,1107500,35.24
2004-11-04,23.15,23.30,23.12,23.25,1598300,35.15
2004-11-03,23.30,23.35,23.09,23.15,1167300,35.00
2004-11-02,23.31,23.41,23.19,23.30,1703200,35.22
2004-11-01,23.30,23.31,23.12,23.31,1725600,35.24
2004-10-29,23.02,23.28,22.95,23.28,1026000,35.19
2004-10-28,23.04,23.14,23.00,23.05,1024000,34.85
2004-10-27,22.75,23.14,22.66,23.14,1055000,34.98
2004-10-26,22.50,22.95,22.32,22.90,1779500,34.62
2004-10-25,22.25,22.45,22.10,22.44,1017800,33.92
2004-10-22,22.38,22.48,22.26,22.27,1369200,33.67
2004-10-21,22.39,22.46,22.20,22.32,815000,33.74
2004-10-20,22.46,22.51,22.27,22.39,606000,33.85
2004-10-19,22.60,22.68,22.42,22.42,598100,33.89
2004-10-18,22.40,22.69,22.35,22.60,1179400,34.17
2004-10-15,22.45,22.74,22.36,22.47,1052600,33.97
2004-10-14,22.52,22.72,22.42,22.44,968400,33.92
2004-10-13,22.65,22.65,22.39,22.52,1071400,34.05
2004-10-12,22.50,22.65,22.40,22.49,683600,34.00
2004-10-11,22.64,22.70,22.52,22.56,607800,34.11
2004-10-08,22.74,22.86,22.63,22.66,674100,34.26
2004-10-07,23.02,23.12,22.73,22.80,903900,34.47
2004-10-06,23.24,23.24,22.81,22.97,1050000,34.73
2004-10-05,23.20,23.25,23.03,23.24,1296500,35.13
2004-10-04,23.18,23.20,23.09,23.20,898700,35.07
2004-10-01,22.98,23.30,22.94,23.19,1620900,35.06
2004-09-30,22.62,22.86,22.62,22.86,1333700,34.56
2004-09-29,22.55,22.71,22.46,22.71,686800,34.33
2004-09-28,22.35,22.58,22.30,22.54,862300,34.08
2004-09-27,22.45,22.50,22.22,22.26,872400,33.65
2004-09-24,22.24,22.46,22.16,22.32,844600,33.74
2004-09-23,22.16,22.28,22.12,22.15,882400,33.49
2004-09-22,22.26,22.28,22.08,22.16,804500,33.50
2004-09-21,22.54,22.58,22.23,22.30,976500,33.71
2004-09-20,22.87,22.87,22.40,22.54,926200,34.08
2004-09-17,22.82,22.98,22.78,22.87,1130300,34.57
2004-09-16,22.70,22.87,22.67,22.81,859900,34.48
2004-09-15,22.69,22.84,22.56,22.70,1054200,34.32
2004-09-14,22.39,22.62,22.38,22.52,832100,34.05
2004-09-13,22.43,22.43,22.30,22.39,1364700,33.85
2004-09-10,22.55,22.62,22.30,22.45,860900,33.94
2004-09-09,22.61,22.73,22.40,22.67,978200,34.27
2004-09-08,22.55,22.62,22.43,22.55,1445100,34.09
2004-09-07,22.93,22.94,22.55,22.59,957000,34.15
2004-09-03,22.63,22.96,22.60,22.83,688800,34.51
2004-09-02,22.31,22.69,22.28,22.54,783400,34.08
2004-09-01,22.23,22.42,22.17,22.25,927800,33.64
2004-08-31,22.00,22.18,21.99,22.13,1059600,33.46
2004-08-30,22.38,22.38,21.94,21.95,1262100,33.18
2004-08-27,22.25,22.53,22.23,22.47,847000,33.69
2004-08-26,22.19,22.36,22.07,22.21,1397400,33.30
2004-08-25,22.34,22.48,22.21,22.23,1483400,33.33
2004-08-24,21.87,22.20,21.87,22.14,873100,33.19
2004-08-23,22.00,22.17,21.85,21.86,1142200,32.77
2004-08-20,21.68,22.00,21.61,21.99,924100,32.97
2004-08-19,21.41,21.70,21.41,21.64,1233400,32.44
2004-08-18,21.41,21.59,21.40,21.48,1617600,32.20
2004-08-17,21.15,21.50,21.11,21.50,1795100,32.23
2004-08-16,20.87,21.07,20.71,21.04,1471500,31.54
2004-08-13,21.09,21.11,20.84,20.92,1373300,31.36
2004-08-12,21.25,21.33,20.98,21.01,1183400,31.50
2004-08-11,21.25,21.40,21.10,21.37,1005500,32.04
2004-08-10,21.20,21.35,21.16,21.35,1537900,32.01
2004-08-09,21.17,21.38,21.02,21.30,1306100,31.93
2004-08-06,21.00,21.18,20.88,21.17,1314600,31.74
2004-08-05,21.40,21.40,20.96,21.23,3972900,31.83
2004-08-04,21.70,21.72,21.38,21.40,1769400,32.08
2004-08-03,21.79,21.84,21.58,21.65,1254400,32.46
2004-08-02,21.95,21.95,21.74,21.84,1134300,32.74
2004-07-30,22.13,22.13,21.86,21.96,998900,32.92
2004-07-29,22.27,22.28,22.05,22.13,479700,33.18
2004-07-28,22.00,22.25,21.87,22.14,744200,33.19
2004-07-27,22.26,22.34,22.10,22.16,863600,33.22
2004-07-26,22.30,22.39,22.10,22.26,787600,33.37
2004-07-23,22.65,22.70,22.17,22.27,985900,33.39
2004-07-22,22.80,22.86,22.53,22.59,1331100,33.87
2004-07-21,22.94,23.07,22.78,22.87,850800,34.28
2004-07-20,22.80,23.06,22.75,22.94,933200,34.39
2004-07-19,22.78,22.84,22.73,22.79,784100,34.17
2004-07-16,22.80,22.83,22.60,22.75,984600,34.11
2004-07-15,22.64,22.74,22.37,22.61,1252300,33.90
2004-07-14,22.67,22.90,22.61,22.67,857400,33.99
2004-07-13,23.14,23.18,22.73,22.78,985100,34.15
2004-07-12,23.10,23.28,23.10,23.20,600000,34.78
2004-07-09,23.07,23.17,22.97,23.17,761000,34.73
2004-07-08,22.93,23.15,22.87,23.04,885200,34.54
2004-07-07,23.10,23.20,23.06,23.10,837600,34.63
2004-07-06,23.15,23.20,23.07,23.09,1150300,34.61
2004-07-02,23.10,23.20,23.03,23.17,774800,34.73
2004-07-01,23.06,23.14,22.80,23.13,1035700,34.67
2004-06-30,22.94,23.05,22.87,22.99,834800,34.46
2004-06-29,22.81,22.93,22.76,22.83,627400,34.23
2004-06-28,22.88,22.93,22.73,22.77,643400,34.14
2004-06-25,22.93,22.95,22.57,22.69,1163300,34.02
2004-06-24,23.14,23.14,22.68,22.86,815500,34.27
2004-06-23,23.20,23.22,22.90,23.12,973700,34.66
2004-06-22,23.05,23.29,22.99,23.23,799800,34.82
2004-06-21,22.95,23.17,22.87,23.08,632000,34.60
2004-06-18,22.83,22.98,22.74,22.90,845800,34.33
2004-06-17,22.98,22.99,22.81,22.82,588900,34.21
2004-06-16,23.07,23.10,22.94,22.98,795000,34.45
2004-06-15,22.94,23.11,22.82,23.06,1282200,34.57
2004-06-14,23.16,23.16,22.69,22.80,1097000,34.18
2004-06-10,23.30,23.32,23.10,23.16,1005400,34.72
2004-06-09,23.25,23.38,23.18,23.31,784700,34.94
2004-06-08,23.16,23.29,22.98,23.24,1008800,34.84
2004-06-07,23.17,23.29,23.08,23.24,798700,34.84
2004-06-04,23.12,23.18,22.85,22.99,706100,34.46
2004-06-03,23.15,23.18,22.96,23.15,1015500,34.70
2004-06-02,22.88,23.17,22.72,23.13,938900,34.67
2004-06-01,22.98,23.02,22.80,22.90,910600,34.33
2004-05-28,23.07,23.15,22.90,22.90,1207900,34.33
2004-05-27,23.07,23.26,23.02,23.24,987500,34.84
2004-05-26,22.91,23.13,22.83,23.06,895500,34.29
2004-05-25,22.80,23.00,22.53,22.91,976000,34.06
2004-05-24,22.95,22.95,22.59,22.88,899300,34.02
2004-05-21,22.80,22.91,22.64,22.72,710700,33.78
2004-05-20,22.70,22.72,22.44,22.62,750600,33.63
2004-05-19,23.00,23.05,22.61,22.61,975500,33.62
2004-05-18,22.95,23.09,22.84,22.85,826200,33.98
2004-05-17,22.75,22.91,22.71,22.82,640300,33.93
2004-05-14,22.77,22.99,22.60,22.95,1198900,34.12
2004-05-13,22.90,22.95,22.57,22.70,1188200,33.75
2004-05-12,22.82,23.11,22.61,23.01,1056700,34.21
2004-05-11,22.99,22.99,22.79,22.96,902500,34.14
2004-05-10,23.00,23.18,22.84,23.05,1057600,34.27
2004-05-07,23.40,23.40,23.13,23.17,1221800,34.45
2004-05-06,23.43,23.66,23.27,23.44,1760900,34.85
2004-05-05,23.28,23.38,23.15,23.27,1319300,34.60
2004-05-04,23.47,23.55,23.18,23.40,1866700,34.79
2004-05-03,23.21,23.45,23.19,23.37,1409400,34.75
2004-04-30,23.05,23.40,22.90,23.08,1378800,34.32
2004-04-29,23.26,23.50,23.00,23.14,1268800,34.41
2004-04-28,23.28,23.34,23.11,23.14,1069200,34.41
2004-04-27,23.38,23.75,23.32,23.38,1635900,34.76
2004-04-26,23.29,23.50,23.15,23.41,1535100,34.81
2004-04-23,22.95,23.34,22.90,23.28,1413800,34.62
2004-04-22,22.45,23.00,22.37,22.99,1502100,34.18
2004-04-21,22.10,22.60,22.10,22.25,752300,33.08
2004-04-20,22.33,22.43,22.14,22.17,570500,32.96
2004-04-19,22.25,22.42,22.00,22.42,733800,33.34
2004-04-16,22.08,22.30,21.93,22.25,623300,33.08
2004-04-15,22.15,22.22,21.83,21.96,695600,32.65
2004-04-14,21.78,22.12,21.74,22.11,740500,32.88
2004-04-13,22.09,22.09,21.78,21.85,584700,32.49
2004-04-12,21.95,22.10,21.81,22.07,548500,32.82
2004-04-08,22.18,22.19,21.82,21.95,517000,32.64
2004-04-07,21.95,22.19,21.74,22.15,841000,32.93
2004-04-06,21.88,22.10,21.77,22.00,680500,32.71
2004-04-05,22.15,22.16,21.81,22.02,681600,32.74
2004-04-02,22.29,22.29,22.04,22.16,678400,32.95
2004-04-01,21.96,22.30,21.96,22.10,1377600,32.86
2004-03-31,21.84,21.94,21.62,21.86,837100,32.50
2004-03-30,21.76,21.77,21.54,21.74,769300,32.33
2004-03-29,21.60,21.75,21.55,21.68,762000,32.24
2004-03-26,21.80,21.80,21.51,21.61,914800,32.13
2004-03-25,21.50,21.80,21.42,21.80,673400,32.41
2004-03-24,21.65,21.81,21.35,21.50,765700,31.97
2004-03-23,21.78,21.79,21.45,21.63,1065800,32.16
2004-03-22,21.57,21.88,21.40,21.81,1361700,32.43
2004-03-19,21.86,22.02,21.58,21.65,1096100,32.19
2004-03-18,22.20,22.24,21.90,21.96,956600,32.65
2004-03-17,22.25,22.28,22.00,22.25,1068400,33.08
2004-03-16,22.28,22.35,21.72,21.93,840000,32.61
2004-03-15,22.50,22.55,22.11,22.13,879900,32.91
2004-03-12,22.40,22.65,22.10,22.36,1089500,33.25
2004-03-11,22.53,22.70,22.36,22.47,1362400,33.41
2004-03-10,22.50,22.78,22.45,22.53,1525800,33.50
2004-03-09,22.33,22.65,22.23,22.62,1624100,33.63
2004-03-08,22.35,22.40,22.19,22.19,674300,32.99
2004-03-05,22.05,22.40,22.00,22.32,1051400,33.19
2004-03-04,21.99,22.09,21.91,22.05,1006900,32.79
2004-03-03,21.99,22.04,21.85,22.00,805800,32.71
2004-03-02,21.97,22.03,21.79,21.96,786900,32.65
2004-03-01,21.90,22.08,21.77,21.97,1101400,32.67
2004-02-27,21.75,21.90,21.65,21.82,1083300,32.44
2004-02-26,21.60,21.79,21.55,21.72,1059800,32.30
2004-02-25,21.75,21.79,21.53,21.64,1148800,31.90
2004-02-24,21.67,21.84,21.53,21.78,1346400,32.10
2004-02-23,21.56,21.79,21.42,21.64,1182800,31.90
2004-02-20,21.90,21.95,21.40,21.61,1115500,31.85
2004-02-19,21.37,21.96,21.37,21.78,1307300,32.10
2004-02-18,21.71,21.74,21.29,21.34,959700,31.45
2004-02-17,21.60,21.76,21.50,21.70,664500,31.99
2004-02-13,21.50,21.62,21.41,21.59,1177900,31.82
2004-02-12,21.55,21.55,21.36,21.50,698800,31.69
2004-02-11,21.40,21.81,21.27,21.52,1120400,31.72
2004-02-10,21.15,21.50,21.08,21.50,971700,31.69
2004-02-09,21.10,21.20,20.93,21.13,792800,31.15
2004-02-06,21.19,21.25,21.07,21.18,594300,31.22
2004-02-05,21.10,21.25,20.96,21.21,1037900,31.26
2004-02-04,21.25,21.45,21.02,21.05,1213400,31.03
2004-02-03,21.11,21.34,21.11,21.28,1073000,31.37
2004-02-02,21.32,21.35,21.10,21.24,1043300,31.31
2004-01-30,21.23,21.43,21.13,21.32,1388100,31.43
2004-01-29,20.75,21.27,20.68,21.23,1582100,31.29
2004-01-28,20.35,21.06,20.30,20.73,1795800,30.56
2004-01-27,20.35,20.47,20.35,20.43,1635100,30.11
2004-01-26,20.35,20.52,20.27,20.39,1538700,30.05
2004-01-23,20.40,20.54,20.17,20.31,1880900,29.94
2004-01-22,21.00,21.00,20.30,20.49,3538300,30.20
2004-01-21,21.50,21.52,21.22,21.50,1394500,31.69
2004-01-20,21.00,21.50,20.91,21.50,1330300,31.69
2004-01-16,21.18,21.20,20.85,20.95,1406000,30.88
2004-01-15,21.15,21.18,20.98,21.18,758700,31.22
2004-01-14,21.04,21.23,21.01,21.10,812700,31.10
2004-01-13,21.26,21.36,20.90,21.01,1056000,30.97
2004-01-12,21.41,21.44,21.06,21.34,1031600,31.45
2004-01-09,21.40,21.55,21.39,21.49,1001400,31.68
2004-01-08,21.54,21.61,21.42,21.55,1115800,31.76
2004-01-07,21.77,21.80,21.35,21.59,1024300,31.82
2004-01-06,21.64,21.93,21.56,21.87,847700,32.24
2004-01-05,21.71,21.85,21.40,21.78,1274800,32.10
2004-01-02,21.87,22.00,21.49,21.58,1337000,31.81
2003-12-31,21.65,21.75,21.57,21.71,821300,32.00
2003-12-30,21.30,21.63,21.30,21.59,787300,31.82
2003-12-29,21.07,21.46,21.05,21.46,1012600,31.63
2003-12-26,20.93,21.03,20.90,20.96,294500,30.89
2003-12-24,20.96,21.05,20.85,21.00,470600,30.95
2003-12-23,21.00,21.13,20.95,21.10,942600,31.10
2003-12-22,20.85,21.03,20.77,21.01,1683800,30.97
2003-12-19,21.19,21.34,20.75,20.82,1982500,30.69
2003-12-18,21.05,21.25,21.02,21.19,1442600,31.23
2003-12-17,21.10,21.15,21.02,21.10,989800,31.10
2003-12-16,21.18,21.25,21.13,21.20,1000300,31.25
2003-12-15,21.20,21.49,21.13,21.24,1413500,31.31
2003-12-12,21.00,21.13,20.91,20.95,1122500,30.88
2003-12-11,20.69,21.08,20.65,20.96,704700,30.89
2003-12-10,21.01,21.05,20.56,20.70,933900,30.51
2003-12-09,21.12,21.20,21.01,21.10,802800,31.10
2003-12-08,21.08,21.17,21.06,21.12,867600,31.13
2003-12-05,21.12,21.19,21.06,21.17,835900,31.20
2003-12-04,20.85,21.14,20.82,21.12,1096200,31.13
2003-12-03,20.42,20.96,20.41,20.85,1259700,30.73
2003-12-02,20.52,20.63,20.36,20.42,1285500,30.10
2003-12-01,20.45,20.65,20.41,20.60,1036100,30.36
2003-11-28,20.60,20.63,20.45,20.55,433100,30.29
2003-11-26,20.70,20.71,20.44,20.65,1013200,30.44
2003-11-25,20.68,20.74,20.51,20.64,872000,30.15
2003-11-24,20.39,20.64,20.25,20.58,797900,30.06
2003-11-21,20.18,20.39,20.16,20.31,737600,29.66
2003-11-20,20.39,20.54,20.20,20.22,875000,29.53
2003-11-19,20.45,20.63,20.35,20.57,1032600,30.04
2003-11-18,20.40,20.59,20.17,20.18,1242600,29.47
2003-11-17,20.34,20.35,20.13,20.27,814300,29.61
2003-11-14,20.17,20.35,20.11,20.32,1153200,29.68
2003-11-13,20.23,20.41,20.13,20.24,934900,29.56
2003-11-12,20.10,20.25,20.06,20.22,769300,29.53
2003-11-11,19.86,20.18,19.85,20.06,1064000,29.30
2003-11-10,19.95,20.00,19.83,19.96,1065800,29.15
2003-11-07,19.80,19.95,19.79,19.86,1073400,29.01
2003-11-06,19.50,19.86,19.47,19.85,948900,28.99
2003-11-05,19.60,19.67,19.38,19.59,839200,28.61
2003-11-04,19.79,19.81,19.56,19.60,917800,28.63
2003-11-03,19.90,19.93,19.66,19.88,1017000,29.04
2003-10-31,19.62,19.93,19.53,19.93,1123000,29.11
2003-10-30,19.55,19.68,19.50,19.67,960400,28.73
2003-10-29,19.39,19.68,19.19,19.55,1325900,28.55
2003-10-28,18.96,19.33,18.91,19.29,1226300,28.17
2003-10-27,18.98,19.10,18.82,18.90,782600,27.60
2003-10-24,19.00,19.00,18.60,18.90,834800,27.60
2003-10-23,18.68,19.12,18.57,19.12,953200,27.93
2003-10-22,18.85,18.89,18.60,18.68,1056200,27.28
2003-10-21,18.90,19.13,18.83,18.90,687300,27.60
2003-10-20,19.10,19.11,18.83,18.90,822500,27.60
2003-10-17,19.16,19.18,18.80,18.98,822500,27.72
2003-10-16,19.28,19.30,19.01,19.07,806900,27.85
2003-10-15,19.13,19.45,19.08,19.39,1156900,28.32
2003-10-14,18.98,19.11,18.85,19.06,488700,27.84
2003-10-13,18.98,19.05,18.87,19.03,331200,27.79
2003-10-10,19.04,19.08,18.76,18.86,633100,27.55
2003-10-09,19.21,19.34,18.90,18.99,889600,27.74
2003-10-08,19.24,19.25,19.04,19.18,534200,28.01
2003-10-07,19.02,19.26,18.95,19.25,771200,28.12
2003-10-06,18.90,19.10,18.80,19.02,537700,27.78
2003-10-03,19.37,19.41,18.88,18.88,857100,27.58
2003-10-02,18.85,19.22,18.74,19.22,1004400,28.07
2003-10-01,18.45,18.76,18.39,18.71,926100,27.33
2003-09-30,18.61,18.61,18.28,18.36,1466200,26.82
2003-09-29,18.83,18.92,18.58,18.61,802200,27.18
2003-09-26,18.74,18.96,18.65,18.86,867800,27.55
2003-09-25,18.92,19.05,18.74,18.87,748400,27.56
2003-09-24,18.95,19.02,18.79,18.82,879300,27.49
2003-09-23,18.80,18.98,18.76,18.91,1109200,27.62
2003-09-22,18.77,18.96,18.60,18.71,970700,27.33
2003-09-19,19.15,19.28,18.80,18.88,966700,27.58
2003-09-18,19.14,19.24,19.06,19.23,765000,28.09
2003-09-17,19.30,19.30,19.03,19.05,518500,27.82
2003-09-16,19.17,19.30,19.10,19.29,625700,28.17
2003-09-15,19.40,19.43,19.15,19.18,635800,28.01
2003-09-12,19.34,19.44,19.16,19.39,881900,28.32
2003-09-11,19.10,19.39,19.10,19.39,1473800,28.32
2003-09-10,18.81,19.13,18.77,19.10,1303600,27.90
2003-09-09,18.97,18.98,18.75,18.81,1092900,27.47
2003-09-08,18.75,19.09,18.75,18.97,1024900,27.71
2003-09-05,18.91,19.01,18.68,18.72,782500,27.34
2003-09-04,19.12,19.24,18.94,18.94,1043900,27.66
2003-09-03,19.20,19.40,19.12,19.16,1852500,27.94
2003-09-02,18.97,19.22,18.95,19.20,1557400,27.99
2003-08-29,18.77,19.06,18.72,18.98,1122500,27.67
2003-08-28,18.40,18.79,18.22,18.76,1324800,27.35
2003-08-27,18.43,18.55,18.27,18.42,2075800,26.63
2003-08-26,18.62,18.63,18.35,18.52,1285100,26.78
2003-08-25,18.84,19.00,18.74,18.76,922600,27.12
2003-08-22,19.06,19.14,18.70,18.79,1158600,27.17
2003-08-21,19.16,19.24,19.00,19.02,746500,27.50
2003-08-20,19.23,19.24,19.05,19.15,581600,27.69
2003-08-19,19.42,19.50,19.14,19.23,681600,27.80
2003-08-18,19.34,19.60,19.33,19.46,671900,28.13
2003-08-15,19.32,19.35,19.16,19.35,437000,27.98
2003-08-14,18.95,19.37,18.95,19.32,725900,27.93
2003-08-13,19.00,19.07,18.87,18.93,719700,27.37
2003-08-12,19.15,19.19,18.88,19.10,822400,27.61
2003-08-11,19.26,19.41,19.02,19.15,640300,27.69
2003-08-08,19.20,19.34,19.12,19.22,683900,27.79
2003-08-07,19.00,19.20,18.90,19.15,1136700,27.69
2003-08-06,18.81,19.04,18.74,18.97,928600,27.43
2003-08-05,18.92,18.99,18.70,18.86,965300,27.27
2003-08-04,18.70,18.99,18.38,18.92,1252400,27.35
2003-08-01,18.58,18.92,18.54,18.75,1839000,27.11
2003-07-31,18.60,19.00,18.52,18.69,2451500,27.02
2003-07-30,19.10,19.60,19.01,19.60,1138800,28.34
2003-07-29,19.22,19.25,18.85,18.94,845700,27.38
2003-07-28,19.50,19.50,19.23,19.28,634000,27.87
2003-07-25,19.08,19.42,19.08,19.42,803000,28.08
2003-07-24,19.36,19.51,19.11,19.15,500900,27.69
2003-07-23,19.25,19.35,19.10,19.34,475100,27.96
2003-07-22,18.90,19.28,18.81,19.16,802500,27.70
2003-07-21,19.34,19.34,18.82,18.92,758000,27.35
2003-07-18,19.35,19.49,19.15,19.34,979300,27.96
2003-07-17,19.70,19.72,19.13,19.25,1680700,27.83
2003-07-16,19.60,19.90,19.46,19.90,1360400,28.77
2003-07-15,19.30,19.52,19.17,19.52,1442300,28.22
2003-07-14,19.60,19.61,19.14,19.23,893600,27.80
2003-07-11,19.05,19.31,18.96,19.26,669700,27.85
2003-07-10,19.25,19.32,18.86,19.00,1277700,27.47
2003-07-09,19.55,19.61,19.24,19.38,836100,28.02
2003-07-08,19.50,19.61,19.37,19.57,1037700,28.29
2003-07-07,19.32,19.69,19.27,19.66,938300,28.42
2003-07-03,19.44,19.50,19.00,19.31,749300,27.92
2003-07-02,19.17,19.61,19.08,19.59,1124500,28.32
2003-07-01,18.90,19.19,18.68,19.14,1245800,27.67
2003-06-30,18.54,18.90,18.42,18.81,1185000,27.20
2003-06-27,18.88,18.89,18.38,18.44,1120400,26.66
2003-06-26,19.03,19.03,18.77,18.94,593000,27.38
2003-06-25,19.03,19.06,18.71,18.95,1294500,27.40
2003-06-24,18.75,19.04,18.75,18.96,798100,27.41
2003-06-23,18.99,19.00,18.65,18.90,720500,27.33
2003-06-20,19.11,19.18,18.85,18.94,1232500,27.38
2003-06-19,19.31,19.39,19.11,19.14,653600,27.67
2003-06-18,19.23,19.44,19.17,19.39,803900,28.03
2003-06-17,19.52,19.53,19.03,19.35,1184900,27.98
2003-06-16,19.13,19.50,19.10,19.49,897200,28.18
2003-06-13,19.06,19.11,18.88,19.10,735500,27.61
2003-06-12,18.87,19.10,18.75,19.10,885100,27.61
2003-06-11,18.65,18.81,18.56,18.81,994400,27.20
2003-06-10,18.75,18.79,18.36,18.58,838200,26.86
2003-06-09,18.58,18.75,18.56,18.70,989000,27.04
2003-06-06,18.80,18.83,18.52,18.64,1551000,26.95
2003-06-05,18.65,18.66,18.43,18.61,1093800,26.91
2003-06-04,18.47,18.80,18.31,18.70,1075600,27.04
2003-06-03,18.47,18.62,18.25,18.52,1522200,26.78
2003-06-02,18.29,18.46,18.25,18.40,1492800,26.60
2003-05-30,17.88,18.22,17.86,18.22,1584000,26.34
2003-05-29,17.90,17.92,17.66,17.73,1226000,25.63
2003-05-28,17.80,17.97,17.75,17.92,1234300,25.68
2003-05-27,17.72,17.89,17.41,17.87,1502500,25.61
2003-05-23,17.30,17.46,17.19,17.46,1009600,25.02
2003-05-22,17.23,17.46,17.16,17.30,1686100,24.80
2003-05-21,17.30,17.39,17.16,17.27,1472000,24.75
2003-05-20,17.40,17.52,17.28,17.37,1598600,24.90
2003-05-19,17.50,17.53,17.30,17.47,1980800,25.04
2003-05-16,16.80,17.62,16.80,17.52,1448800,25.11
2003-05-15,17.55,17.63,17.44,17.49,1386800,25.07
2003-05-14,17.60,17.66,17.45,17.49,1673100,25.07
2003-05-13,17.72,17.90,17.50,17.62,2497500,25.25
2003-05-12,17.78,17.89,17.69,17.72,1989200,25.40
2003-05-09,17.58,17.77,17.51,17.68,1933000,25.34
2003-05-08,17.20,17.60,17.20,17.36,1602600,24.88
2003-05-07,17.00,17.70,17.00,17.41,2338800,24.95
2003-05-06,16.85,17.02,16.77,17.00,2436700,24.37
2003-05-05,16.72,16.81,16.63,16.78,1440100,24.05
2003-05-02,16.60,16.79,16.50,16.65,1800300,23.86
2003-05-01,16.70,16.80,16.51,16.63,1909600,23.84
2003-04-30,16.90,17.09,16.73,16.78,2545100,24.05
2003-04-29,16.57,16.92,16.52,16.89,2888200,24.21
2003-04-28,17.00,17.23,16.25,16.50,3008000,23.65
2003-04-25,17.75,17.76,16.86,16.96,3677800,24.31
2003-04-24,19.20,19.20,17.64,17.80,6452300,25.51
2003-04-23,19.58,19.74,19.40,19.74,774400,28.29
2003-04-22,19.20,19.69,19.05,19.68,1042800,28.21
2003-04-21,19.43,19.53,19.10,19.20,726200,27.52
2003-04-17,19.18,19.49,19.18,19.48,1065900,27.92
2003-04-16,19.86,19.86,19.20,19.34,937800,27.72
2003-04-15,19.94,19.95,19.69,19.89,636300,28.51
2003-04-14,19.85,19.95,19.63,19.91,847900,28.54
2003-04-11,19.81,19.99,19.61,19.80,845100,28.38
2003-04-10,19.69,19.79,19.45,19.78,835400,28.35
2003-04-09,19.88,20.02,19.51,19.65,1355300,28.16
2003-04-08,19.88,19.93,19.46,19.79,1429400,28.36
2003-04-07,19.55,20.00,19.55,19.74,1199200,28.29
2003-04-04,19.40,19.44,19.08,19.32,897300,27.69
2003-04-03,19.18,19.32,18.94,19.07,1572400,27.33
2003-04-02,19.20,19.62,18.80,19.20,2469200,27.52
2003-04-01,18.79,18.96,18.60,18.85,1316200,27.02
2003-03-31,18.70,18.79,18.31,18.70,1396800,26.80
2003-03-28,19.20,19.20,18.19,18.69,4657200,26.79
2003-03-27,19.88,19.98,19.66,19.86,482200,28.46
2003-03-26,20.14,20.14,19.84,19.95,720200,28.59
2003-03-25,19.86,20.20,19.82,20.14,1068300,28.87
2003-03-24,20.17,20.17,19.81,19.83,749200,28.42
2003-03-21,19.98,20.25,19.75,20.19,861800,28.94
2003-03-20,19.84,19.88,19.37,19.73,629400,28.28
2003-03-19,19.48,19.94,19.40,19.90,1131500,28.52
2003-03-18,19.50,19.51,19.10,19.35,843200,27.73
2003-03-17,19.09,19.53,18.91,19.50,968800,27.95
2003-03-14,19.18,19.18,18.87,19.00,1292900,27.23
2003-03-13,19.00,19.25,19.00,19.10,944200,27.38
2003-03-12,18.82,19.10,18.67,19.10,1264300,27.38
2003-03-11,18.64,18.98,18.60,18.83,797100,26.99
2003-03-10,18.95,18.98,18.46,18.57,637900,26.62
2003-03-07,18.46,19.15,18.39,19.01,1417600,27.25
2003-03-06,18.80,18.85,18.55,18.72,1141800,26.83
2003-03-05,18.85,19.00,18.60,19.00,1207300,27.23
2003-03-04,19.23,19.30,18.72,18.72,1210900,26.83
2003-03-03,19.83,20.00,18.96,19.10,1987700,27.38
2003-02-28,19.75,19.92,19.60,19.80,822500,28.38
2003-02-27,19.75,19.95,19.50,19.85,960500,28.45
2003-02-26,19.90,19.90,19.60,19.67,578100,27.97
2003-02-25,19.71,19.97,19.59,19.90,699500,28.30
2003-02-24,19.93,20.01,19.70,19.72,729000,28.04
2003-02-21,20.01,20.34,19.90,20.12,950200,28.61
2003-02-20,19.98,20.15,19.70,19.86,1802400,28.24
2003-02-19,20.11,20.18,19.83,19.97,945400,28.40
2003-02-18,20.15,20.35,20.07,20.24,670700,28.78
2003-02-14,20.02,20.18,19.70,20.18,895200,28.70
2003-02-13,19.95,20.14,19.76,20.11,1003400,28.60
2003-02-12,20.22,20.40,19.95,20.01,953900,28.45
2003-02-11,20.51,20.65,20.10,20.27,694800,28.82
2003-02-10,20.60,20.65,20.18,20.51,702900,29.16
2003-02-07,20.63,20.73,20.12,20.33,935500,28.91
2003-02-06,20.70,20.98,20.50,20.63,1586800,29.34
2003-02-05,21.00,21.00,20.64,20.72,1638300,29.46
2003-02-04,20.09,20.89,20.09,20.81,1789000,29.59
2003-02-03,20.14,20.41,19.85,20.09,1165500,28.57
2003-01-31,19.33,20.04,19.23,19.94,1286300,28.35
2003-01-30,19.56,19.64,19.17,19.26,1895700,27.39
2003-01-29,19.88,19.88,19.35,19.52,2116100,27.76
2003-01-28,20.17,20.30,19.91,20.10,1656500,28.58
2003-01-27,20.53,20.53,19.84,19.96,2496700,28.38
2003-01-24,21.60,21.61,20.43,20.52,1910800,29.18
2003-01-23,22.15,22.17,21.50,21.60,1299600,30.71
2003-01-22,22.10,22.15,21.74,21.92,1074400,31.17
2003-01-21,22.31,22.50,22.10,22.20,868900,31.57
2003-01-17,22.36,22.47,22.22,22.31,645600,31.72
2003-01-16,22.15,22.49,22.04,22.36,1337000,31.80
2003-01-15,21.98,22.02,21.80,22.00,1053100,31.28
2003-01-14,22.03,22.33,21.86,22.06,1707000,31.37
2003-01-13,22.74,22.83,22.36,22.70,863300,32.28
2003-01-10,23.00,23.05,22.67,22.74,700800,32.34
2003-01-09,22.85,23.09,22.60,23.00,752600,32.71
2003-01-08,22.79,22.97,22.71,22.90,965300,32.56
2003-01-07,23.00,23.00,22.55,22.75,943200,32.35
2003-01-06,22.90,23.13,22.90,23.06,938700,32.79
2003-01-03,22.98,23.00,22.78,23.00,724600,32.71
2003-01-02,22.74,23.00,22.63,22.95,1019000,32.63
2002-12-31,22.54,22.59,22.07,22.51,636600,32.01
2002-12-30,22.32,22.60,22.17,22.60,607700,32.14
2002-12-27,22.53,22.55,22.06,22.15,508800,31.50
2002-12-26,22.52,22.74,22.35,22.43,452600,31.89
2002-12-24,22.56,22.59,22.37,22.42,262300,31.88
2002-12-23,22.66,22.89,22.35,22.56,807300,32.08
2002-12-20,22.35,22.85,22.13,22.67,1863100,32.24
2002-12-19,21.80,22.09,21.76,22.00,872000,31.28
2002-12-18,21.95,22.05,21.70,21.95,1267400,31.21
2002-12-17,22.10,22.33,21.76,21.85,1680000,31.07
2002-12-16,22.20,22.42,22.05,22.36,1647000,31.80
2002-12-13,21.28,22.45,21.10,22.37,2142500,31.81
2002-12-12,21.85,21.86,21.17,21.26,1986400,30.23
2002-12-11,23.06,23.06,21.55,22.00,3408200,31.28
2002-12-10,22.97,23.11,22.61,23.05,1080600,32.78
2002-12-09,23.28,23.40,22.97,22.97,999000,32.66
2002-12-06,23.00,23.49,23.00,23.47,997900,33.37
2002-12-05,23.49,23.49,23.06,23.18,667400,32.96
2002-12-04,23.02,23.55,23.02,23.49,1154900,33.40
2002-12-03,23.05,23.24,22.98,23.20,971700,32.99
2002-12-02,23.21,23.40,22.66,23.13,1198100,32.89
2002-11-29,23.41,23.52,23.19,23.33,497000,33.17
2002-11-27,23.64,23.72,23.30,23.59,691100,33.54
2002-11-26,23.84,23.84,23.47,23.61,1295600,33.35
2002-11-25,23.40,23.82,23.35,23.75,1349200,33.55
2002-11-22,23.48,23.62,23.36,23.39,1164900,33.04
2002-11-21,23.62,23.62,23.12,23.48,1142100,33.17
2002-11-20,23.03,23.69,22.96,23.61,1059100,33.35
2002-11-19,23.01,23.33,22.91,23.03,1228600,32.53
2002-11-18,23.50,23.50,23.03,23.03,1298400,32.53
2002-11-15,23.07,23.45,23.04,23.37,1302200,33.01
2002-11-14,22.84,23.10,22.72,23.07,822700,32.59
2002-11-13,22.50,22.75,22.41,22.71,1424400,32.08
2002-11-12,23.00,23.05,22.49,22.58,1002600,31.90
2002-11-11,23.23,23.24,22.83,22.89,945600,32.34
2002-11-08,23.48,23.48,23.07,23.15,1372000,32.70
2002-11-07,22.91,23.10,22.77,23.02,1021000,32.52
2002-11-06,22.99,23.19,22.82,23.17,1400700,32.73
2002-11-05,22.69,23.16,22.65,23.00,856000,32.49
2002-11-04,23.10,23.19,22.52,22.65,1269600,32.00
2002-11-01,22.83,23.12,22.64,23.11,955300,32.65
2002-10-31,22.59,22.95,22.59,22.83,796600,32.25
2002-10-30,23.00,23.20,22.55,22.78,1386600,32.18
2002-10-29,22.32,23.26,22.30,23.05,1906200,32.56
2002-10-28,22.81,22.95,22.32,22.40,1124000,31.64
2002-10-25,22.70,23.06,22.54,22.80,1395300,32.21
2002-10-24,23.23,23.40,22.61,22.70,1291300,32.07
2002-10-23,23.00,23.25,22.71,22.95,1305900,32.42
2002-10-22,23.26,23.55,22.78,23.09,1257900,32.62
2002-10-21,23.10,23.73,22.96,23.60,1481900,33.34
2002-10-18,22.50,23.13,22.41,23.11,1752100,32.65
2002-10-17,22.65,22.83,22.49,22.60,1429600,31.93
2002-10-16,21.72,22.62,21.72,22.60,2354900,31.93
2002-10-15,21.80,21.85,21.40,21.67,1839900,30.61
2002-10-14,21.73,21.84,21.50,21.51,1444800,30.39
2002-10-11,21.75,21.75,21.34,21.70,2480100,30.65
2002-10-10,21.70,21.78,21.40,21.59,2796000,30.50
2002-10-09,21.00,21.63,20.99,21.47,6622900,30.33
2002-10-08,19.93,20.02,19.61,19.90,1982900,28.11
2002-10-07,19.27,19.80,19.25,19.43,1525100,27.45
2002-10-04,19.45,19.79,19.26,19.52,1587400,27.57
2002-10-03,19.23,19.73,19.21,19.58,1502300,27.66
2002-10-02,19.18,19.54,19.13,19.25,1508200,27.19
2002-10-01,18.58,19.05,18.32,19.02,785600,26.87
2002-09-30,18.51,18.51,18.02,18.29,1176200,25.84
2002-09-27,19.15,19.25,18.61,18.64,1334300,26.33
2002-09-26,19.15,19.39,18.90,19.28,907400,27.24
2002-09-25,18.58,19.15,18.42,19.03,1753600,26.88
2002-09-24,18.00,18.52,17.99,18.38,1174500,25.96
2002-09-23,18.15,18.44,18.06,18.34,1017600,25.91
2002-09-20,17.89,18.46,17.82,18.39,1758000,25.98
2002-09-19,17.66,18.00,17.65,17.72,955500,25.03
2002-09-18,18.15,18.28,17.82,18.04,957300,25.48
2002-09-17,18.98,18.98,18.18,18.30,819000,25.85
2002-09-16,18.42,18.65,18.26,18.62,818600,26.30
2002-09-13,17.77,18.54,17.70,18.53,1264700,26.18
2002-09-12,18.35,18.35,17.65,17.75,1121500,25.07
2002-09-11,18.45,18.49,18.21,18.31,397600,25.87
2002-09-10,18.14,18.24,17.87,18.22,1242500,25.74
2002-09-09,17.82,18.30,17.82,18.12,1329600,25.60
2002-09-06,18.45,18.49,18.29,18.30,535500,25.85
2002-09-05,18.34,18.52,18.10,18.42,745900,26.02
2002-09-04,18.15,18.64,17.98,18.59,1058600,26.26
2002-09-03,18.40,18.41,17.92,17.92,698600,25.31
2002-08-30,18.32,18.84,18.30,18.44,886000,26.05
2002-08-29,18.45,18.68,18.40,18.50,883200,26.13
2002-08-28,19.19,19.24,18.90,19.06,453200,26.71
2002-08-27,19.10,19.24,18.88,19.18,866000,26.88
2002-08-26,19.00,19.30,18.77,18.95,1020300,26.56
2002-08-23,19.36,19.65,19.07,19.07,892100,26.73
2002-08-22,19.18,19.75,19.18,19.61,685000,27.48
2002-08-21,19.42,19.69,19.00,19.29,1073000,27.04
2002-08-20,19.61,19.75,19.32,19.51,604000,27.34
2002-08-19,19.72,19.94,19.60,19.82,649800,27.78
2002-08-16,19.84,19.98,19.61,19.72,975400,27.64
2002-08-15,19.67,19.89,19.55,19.84,1028100,27.81
2002-08-14,19.53,19.80,19.40,19.77,1692900,27.71
2002-08-13,19.77,19.98,19.43,19.49,967000,27.32
2002-08-12,19.11,19.83,19.01,19.65,865000,27.54
2002-08-09,19.12,19.52,19.12,19.49,607500,27.32
2002-08-08,18.95,19.30,18.85,19.24,809800,26.97
2002-08-07,18.46,19.11,18.43,19.11,1096100,26.78
2002-08-06,18.89,19.12,18.40,18.45,837300,25.86
2002-08-05,19.05,19.06,18.64,18.64,1062900,26.12
2002-08-02,18.90,19.15,18.78,19.06,1541700,26.71
2002-08-01,18.60,18.87,18.35,18.65,1147800,26.14
2002-07-31,18.18,18.74,18.18,18.74,885600,26.26
2002-07-30,17.96,18.50,17.90,18.33,1200300,25.69
2002-07-29,18.09,18.30,17.86,18.21,855700,25.52
2002-07-26,17.59,17.90,17.37,17.79,737100,24.93
2002-07-25,17.38,17.89,16.90,17.70,1195800,24.81
2002-07-24,16.47,17.52,16.40,17.38,1420200,24.36
2002-07-23,16.70,17.20,16.25,16.95,1022500,23.76
2002-07-22,17.07,17.49,16.15,16.50,1542200,23.13
2002-07-19,17.51,17.80,16.94,16.98,1657600,23.80
2002-07-18,18.15,18.48,17.73,17.80,1211300,24.95
2002-07-17,18.23,18.92,18.18,18.18,1207500,25.48
2002-07-16,18.27,18.40,17.76,17.98,1108900,25.20
2002-07-15,17.90,18.45,17.41,18.03,1463600,25.27
2002-07-12,18.81,18.93,17.90,18.15,2131800,25.44
2002-07-11,19.21,19.37,18.86,19.00,1218300,26.63
2002-07-10,19.84,19.99,19.32,19.40,970400,27.19
2002-07-09,20.17,20.44,19.71,19.71,876200,27.62
2002-07-08,20.25,20.34,19.95,20.08,787000,28.14
2002-07-05,20.05,20.30,19.94,20.24,696300,28.37
2002-07-03,20.26,20.69,19.91,20.05,1349100,28.10
2002-07-02,20.60,20.79,20.42,20.48,1079900,28.70
2002-07-01,20.65,20.97,20.50,20.50,1052600,28.73
2002-06-28,20.85,21.00,20.64,20.64,1294100,28.93
2002-06-27,20.50,21.04,20.27,21.00,1362000,29.43
2002-06-26,19.90,20.55,19.70,20.15,1503200,28.24
2002-06-25,20.50,20.55,19.90,19.90,1282500,27.89
2002-06-24,20.40,20.67,20.30,20.50,1832100,28.73
2002-06-21,20.30,20.80,20.30,20.48,2014600,28.70
2002-06-20,20.15,20.90,20.15,20.70,1470400,29.01
2002-06-19,20.29,20.57,20.20,20.26,643400,28.39
2002-06-18,20.35,20.45,20.10,20.28,1363600,28.42
2002-06-17,20.15,20.52,20.11,20.48,1229000,28.70
2002-06-14,20.28,20.29,19.69,20.23,1144300,28.35
2002-06-13,20.62,20.66,20.36,20.41,739000,28.61
2002-06-12,20.51,20.74,20.50,20.62,827500,28.90
2002-06-11,20.87,20.89,20.51,20.51,709100,28.75
2002-06-10,20.61,20.86,20.52,20.78,589800,29.12
2002-06-07,20.55,20.80,20.51,20.70,953700,29.01
2002-06-06,20.72,20.72,20.50,20.60,1672100,28.87
2002-06-05,20.68,20.80,20.52,20.70,825900,29.01
2002-06-04,20.45,20.68,20.43,20.58,1077900,28.84
2002-06-03,20.91,21.09,20.43,20.43,840800,28.63
2002-05-31,20.88,21.30,20.88,21.08,1350600,29.54
2002-05-30,20.75,20.92,20.75,20.88,1366800,29.26
2002-05-29,20.75,21.08,20.75,21.01,1196500,29.24
2002-05-28,20.98,21.00,20.71,20.87,1456000,29.04
2002-05-24,20.57,20.95,20.55,20.90,1487600,29.08
2002-05-23,20.63,20.70,20.48,20.57,1190300,28.62
2002-05-22,20.40,20.69,20.36,20.68,1132900,28.78
2002-05-21,20.95,20.97,20.40,20.40,1887200,28.39
2002-05-20,20.99,20.99,20.63,20.76,819700,28.89
2002-05-17,20.82,20.94,20.55,20.94,989000,29.14
2002-05-16,20.70,20.94,20.65,20.86,924900,29.03
2002-05-15,20.61,20.70,20.46,20.65,1479800,28.73
2002-05-14,20.65,21.00,20.53,20.66,1473800,28.75
2002-05-13,20.85,20.85,20.50,20.72,1170300,28.83
2002-05-10,21.00,21.03,20.55,20.62,1243800,28.69
2002-05-09,20.70,21.00,20.61,20.85,941900,29.01
2002-05-08,21.00,21.02,20.61,20.74,963200,28.86
2002-05-07,20.48,21.11,20.47,20.75,1657000,28.87
2002-05-06,21.24,21.25,20.57,20.57,1067600,28.62
2002-05-03,21.25,21.34,21.01,21.07,872000,29.32
2002-05-02,21.26,21.33,21.00,21.07,1629700,29.32
2002-05-01,21.23,21.31,21.05,21.29,1306900,29.63
2002-04-30,21.01,21.37,21.01,21.18,1080900,29.47
2002-04-29,21.22,21.49,21.00,21.10,910300,29.36
2002-04-26,21.83,21.83,21.33,21.46,997900,29.86
2002-04-25,21.61,21.94,21.53,21.57,839300,30.02
2002-04-24,22.00,22.20,21.65,21.86,1524700,30.42
2002-04-23,22.03,22.45,22.03,22.08,870700,30.72
2002-04-22,22.00,22.34,21.96,22.14,546800,30.81
2002-04-19,21.96,22.25,21.75,22.11,685600,30.77
2002-04-18,21.90,22.06,21.83,21.94,784300,30.53
2002-04-17,22.00,22.11,21.80,21.97,682700,30.57
2002-04-16,21.99,22.17,21.89,22.11,781700,30.77
2002-04-15,22.35,22.40,21.92,22.01,704500,30.63
2002-04-12,21.70,22.28,21.65,22.15,1659900,30.82
2002-04-11,21.55,21.90,21.55,21.68,806600,30.17
2002-04-10,21.62,21.87,21.57,21.78,952300,30.31
2002-04-09,21.72,21.72,21.45,21.62,599800,30.08
2002-04-08,21.09,21.70,21.09,21.61,1246500,30.07
2002-04-05,21.18,21.28,21.02,21.21,756800,29.51
2002-04-04,20.73,21.10,20.65,21.05,963600,29.29
2002-04-03,20.96,21.01,20.50,20.69,914000,28.79
2002-04-02,20.78,21.29,20.62,21.00,1660700,29.22
2002-04-01,20.65,20.79,20.50,20.73,476400,28.85
2002-03-28,21.00,21.00,20.74,20.76,573100,28.89
2002-03-27,20.95,21.04,20.87,20.98,899500,29.19
2002-03-26,20.56,21.10,20.56,20.98,853000,29.19
2002-03-25,20.50,20.79,20.50,20.54,526200,28.58
2002-03-22,20.92,20.92,20.43,20.67,815100,28.76
2002-03-21,20.62,20.98,20.62,20.90,630800,29.08
2002-03-20,20.85,20.98,20.80,20.85,444800,29.01
2002-03-19,20.70,20.99,20.65,20.99,1421200,29.21
2002-03-18,20.89,20.96,20.51,20.56,472900,28.61
2002-03-15,20.94,21.00,20.52,20.82,1081100,28.97
2002-03-14,20.50,20.85,20.48,20.79,752600,28.93
2002-03-13,20.68,20.78,20.47,20.57,664400,28.62
2002-03-12,20.48,20.81,20.34,20.78,848100,28.92
2002-03-11,20.65,20.69,20.34,20.48,867800,28.50
2002-03-08,20.50,20.90,20.41,20.60,1017100,28.67
2002-03-07,20.55,20.91,20.25,20.75,1341600,28.87
2002-03-06,20.70,20.83,20.41,20.56,1957100,28.61
2002-03-05,20.86,21.16,20.80,20.83,843000,28.99
2002-03-04,21.09,21.25,20.71,21.05,1002000,29.29
2002-03-01,20.92,21.50,20.85,21.25,983900,29.57
2002-02-28,21.40,21.60,20.90,20.92,1988400,29.11
2002-02-27,21.75,21.95,21.55,21.74,673600,30.25
2002-02-26,22.20,22.23,21.80,21.90,1051900,30.27
2002-02-25,21.79,22.24,21.69,22.00,1712700,30.40
2002-02-22,21.05,21.84,21.00,21.55,1033900,29.78
2002-02-21,21.25,21.42,21.20,21.28,971200,29.41
2002-02-20,21.21,21.53,21.10,21.34,933300,29.49
2002-02-19,21.30,21.74,21.30,21.45,628600,29.64
2002-02-15,21.10,21.97,20.94,21.64,1317600,29.91
2002-02-14,20.95,21.12,20.83,21.00,689300,29.02
2002-02-13,21.15,21.20,20.83,21.07,658500,29.12
2002-02-12,21.15,21.32,21.01,21.12,576500,29.19
2002-02-11,21.08,21.32,21.00,21.25,384500,29.37
2002-02-08,20.75,21.18,20.75,21.18,902400,29.27
2002-02-07,21.10,21.40,20.82,20.96,1211200,28.97
2002-02-06,21.24,21.35,20.85,21.24,898200,29.35
2002-02-05,21.47,21.48,21.23,21.25,701100,29.37
2002-02-04,21.24,21.46,21.10,21.24,678500,29.35
2002-01-31,21.16,21.22,20.87,21.15,972700,29.23
2002-01-30,21.05,21.35,21.05,21.19,987900,29.28
2002-01-29,21.04,21.25,21.00,21.15,1296700,29.23
2002-01-28,21.20,21.45,20.85,21.27,996100,29.39
2002-01-25,20.75,21.71,20.75,21.48,1879000,29.69
2002-01-24,20.85,21.34,20.51,20.98,2197900,28.99
2002-01-23,22.02,22.14,21.50,21.89,723600,30.25
2002-01-22,21.70,22.18,21.61,22.12,955100,30.57
2002-01-18,21.29,21.85,21.29,21.69,641400,29.98
2002-01-17,21.59,21.74,21.43,21.53,643400,29.75
2002-01-16,21.95,21.98,21.61,21.65,396200,29.92
2002-01-15,21.92,22.11,21.71,21.88,634000,30.24
2002-01-14,21.49,22.18,21.35,21.67,757400,29.95
2002-01-11,21.21,21.56,21.15,21.40,437400,29.57
2002-01-10,21.20,21.50,21.10,21.20,766100,29.30
2002-01-09,21.44,21.59,21.05,21.30,1016800,29.44
2002-01-08,21.15,21.70,21.10,21.61,668800,29.86
2002-01-07,21.22,21.48,21.16,21.30,490900,29.44
2002-01-04,21.77,21.90,21.30,21.45,841200,29.64
2002-01-03,21.93,22.10,21.70,21.96,849100,30.35
2002-01-02,22.01,22.17,21.58,22.17,640300,30.64
2001-12-31,22.12,22.35,21.99,22.23,696900,30.72
2001-12-28,22.30,22.45,22.11,22.30,683300,30.82
2001-12-27,22.19,22.45,21.87,22.42,607700,30.98
2001-12-26,22.10,22.25,21.94,21.94,520400,30.32
2001-12-24,22.10,22.29,22.05,22.08,211600,30.51
2001-12-21,22.48,22.55,22.00,22.20,1258100,30.68
2001-12-20,22.20,22.77,22.00,22.20,828400,30.68
2001-12-19,21.68,22.40,21.66,22.25,959300,30.75
2001-12-18,21.72,22.20,21.71,21.92,911000,30.29
2001-12-17,21.58,21.99,21.51,21.85,643500,30.20
2001-12-14,21.38,21.99,21.38,21.72,740600,30.02
2001-12-13,21.51,21.95,21.32,21.32,756800,29.46
2001-12-12,21.55,21.68,21.29,21.62,721900,29.88
2001-12-11,21.90,21.91,21.41,21.50,632000,29.71
2001-12-10,21.98,22.01,21.75,21.75,613200,30.06
2001-12-07,22.32,22.34,21.70,21.93,1026100,30.31
2001-12-06,22.83,22.83,22.39,22.51,758500,31.11
2001-12-05,22.64,22.99,22.49,22.90,955300,31.65
2001-12-04,22.20,22.80,22.13,22.64,1076100,31.29
2001-12-03,21.75,22.45,21.58,22.25,860900,30.75
2001-11-30,21.97,22.08,21.86,21.88,794200,30.24
2001-11-29,21.78,22.24,21.78,22.17,966200,30.64
2001-11-28,21.81,22.09,21.79,22.01,944300,30.21
2001-11-27,22.45,22.62,21.80,21.80,1054100,29.92
2001-11-26,22.80,22.99,22.68,22.97,664500,31.53
2001-11-23,22.77,22.94,22.68,22.93,241700,31.47
2001-11-21,22.90,23.04,22.72,22.76,867500,31.24
2001-11-20,22.50,22.90,22.42,22.76,578900,31.24
2001-11-19,22.57,22.82,22.50,22.66,748400,31.10
2001-11-16,22.18,22.75,22.13,22.62,1171300,31.05
2001-11-15,22.25,22.36,22.05,22.15,825200,30.40
2001-11-14,22.47,22.68,22.29,22.29,886300,30.59
2001-11-13,22.34,22.57,22.16,22.30,998700,30.61
2001-11-12,22.52,22.61,22.20,22.33,659300,30.65
2001-11-09,22.55,22.70,22.40,22.61,1028800,31.03
2001-11-08,23.01,23.19,22.75,22.80,1363500,31.29
2001-11-07,22.76,23.35,22.76,23.04,2905400,31.62
2001-11-06,22.60,23.02,22.55,23.01,1167200,31.58
2001-11-05,22.42,22.74,22.42,22.60,1474900,31.02
2001-11-02,22.66,22.95,22.40,22.61,828400,31.03
2001-11-01,22.27,22.69,22.19,22.51,951100,30.90
2001-10-31,21.90,22.49,21.84,22.29,1234800,30.59
2001-10-30,22.03,22.22,21.86,22.14,798100,30.39
2001-10-29,22.10,22.16,21.88,22.05,701600,30.27
2001-10-26,22.07,22.18,21.83,22.11,922700,30.35
2001-10-25,21.70,22.06,21.62,22.06,1030800,30.28
2001-10-24,21.64,21.95,21.54,21.71,1033000,29.80
2001-10-23,21.50,21.65,21.35,21.56,1003100,29.59
2001-10-22,21.19,21.50,21.06,21.40,1091100,29.37
2001-10-19,20.93,21.19,20.90,21.12,971100,28.99
2001-10-18,20.82,21.04,20.76,20.92,950100,28.71
2001-10-17,20.66,20.98,20.60,20.86,737600,28.63
2001-10-16,20.80,20.94,20.60,20.84,974800,28.60
2001-10-15,20.60,20.99,20.57,20.80,914600,28.55
2001-10-12,21.12,21.23,20.54,20.60,804900,28.27
2001-10-11,21.24,21.24,20.91,21.16,841500,29.04
2001-10-10,21.24,21.25,21.05,21.24,1373600,29.15
2001-10-09,20.80,21.24,20.80,21.10,1118400,28.96
2001-10-08,20.90,20.95,20.65,20.81,1266500,28.56
2001-10-05,21.00,21.24,20.73,20.87,826300,28.65
2001-10-04,20.50,21.35,20.50,21.19,956900,29.08
2001-10-03,21.60,21.60,21.02,21.29,811000,29.22
2001-10-02,21.34,21.69,21.16,21.63,1217500,29.69
2001-10-01,21.01,21.35,20.92,21.15,887800,29.03
2001-09-28,21.09,21.35,21.00,21.30,898400,29.24
2001-09-27,20.62,21.09,20.60,21.09,807600,28.95
2001-09-26,20.50,20.71,20.36,20.62,1071000,28.30
2001-09-25,20.40,20.47,20.00,20.43,763400,28.04
2001-09-24,19.90,20.46,19.81,20.42,1384200,28.03
2001-09-21,19.45,19.84,19.40,19.65,1534000,26.97
2001-09-20,20.20,20.48,19.70,20.45,2024200,28.07
2001-09-19,21.85,21.86,20.71,20.98,1971300,28.80
2001-09-18,21.80,21.99,21.59,21.95,1214000,30.13
2001-09-17,22.20,22.30,21.60,22.02,1492400,30.22
2001-09-10,21.75,22.42,21.71,22.38,859400,30.72
2001-09-07,22.20,22.30,21.95,22.06,921000,30.28
2001-09-06,22.10,22.59,21.87,22.39,983100,30.73
2001-09-05,22.20,22.30,21.60,22.30,1062600,30.61
2001-09-04,21.90,22.31,21.90,22.23,952800,30.51
2001-08-31,21.69,22.08,21.63,22.00,978600,30.20
2001-08-30,21.60,22.15,21.60,21.92,707300,30.09
2001-08-29,22.21,22.36,21.57,21.75,813300,29.85
2001-08-28,22.55,22.55,22.30,22.41,1384300,30.56
2001-08-27,22.00,22.75,22.00,22.54,929700,30.74
2001-08-24,21.75,22.35,21.72,22.16,1065600,30.22
2001-08-23,22.20,22.28,21.59,21.98,1667800,29.97
2001-08-22,21.32,22.40,21.15,22.28,2266600,30.38
2001-08-21,20.78,21.50,20.65,21.38,1915300,29.16
2001-08-20,20.45,20.81,20.31,20.79,1180500,28.35
2001-08-17,19.48,20.43,19.38,20.20,1206800,27.55
2001-08-16,19.34,19.50,19.11,19.48,1108400,26.56
2001-08-15,19.40,19.50,19.22,19.29,867300,26.31
2001-08-14,19.40,19.70,19.20,19.29,721100,26.31
2001-08-13,19.17,19.69,19.16,19.53,564100,26.63
2001-08-10,19.23,19.44,19.01,19.40,692300,26.46
2001-08-09,19.06,19.31,19.00,19.27,568500,26.28
2001-08-08,19.15,19.39,19.06,19.21,585500,26.20
2001-08-07,19.19,19.24,19.01,19.15,872300,26.11
2001-08-06,19.16,19.48,19.06,19.13,636200,26.09
2001-08-03,19.55,19.70,19.46,19.60,445800,26.73
2001-08-02,19.45,19.84,19.42,19.80,512900,27.00
2001-08-01,20.05,20.20,19.72,19.88,470000,27.11
2001-07-31,19.89,20.23,19.80,20.17,447100,27.51
2001-07-30,19.78,19.96,19.45,19.89,448400,27.12
2001-07-27,19.89,19.99,19.65,19.80,424700,27.00
2001-07-26,19.87,19.99,19.51,19.94,390000,27.19
2001-07-25,19.69,19.91,19.55,19.82,403500,27.03
2001-07-24,20.00,20.00,19.55,19.75,525200,26.93
2001-07-23,20.02,20.03,19.63,19.80,528200,27.00
2001-07-20,20.20,20.24,19.95,20.04,526400,27.33
2001-07-19,20.37,20.37,19.91,20.05,670900,27.34
2001-07-18,19.82,20.13,19.76,20.12,709700,27.44
2001-07-17,19.28,19.93,19.27,19.81,957800,27.01
2001-07-16,19.30,19.45,19.10,19.37,1083300,26.41
2001-07-13,19.16,19.45,19.00,19.09,735200,26.03
2001-07-12,19.10,19.21,18.85,19.12,1120900,26.07
2001-07-11,19.15,19.28,18.90,19.07,881200,26.01
2001-07-10,19.19,19.20,18.92,19.04,502800,25.96
2001-07-09,19.42,19.47,19.09,19.20,550800,26.18
2001-07-06,19.31,19.62,19.31,19.45,994300,26.52
2001-07-05,19.57,19.70,19.19,19.39,861700,26.44
2001-07-03,19.49,19.65,19.37,19.49,611400,26.58
2001-07-02,18.94,19.60,18.70,19.49,1564500,26.58
2001-06-29,19.04,19.04,18.58,18.94,619900,25.83
2001-06-28,18.50,19.06,18.50,18.85,838400,25.71
2001-06-27,18.50,18.60,18.40,18.55,564400,25.30
2001-06-26,18.75,18.83,18.40,18.53,2191800,25.27
2001-06-25,19.10,19.15,18.80,18.92,702500,25.80
2001-06-22,19.24,19.25,18.88,19.11,673900,26.06
2001-06-21,19.26,19.45,19.10,19.17,914400,26.14
2001-06-20,19.18,19.65,19.18,19.50,714500,26.59
2001-06-19,19.25,19.34,19.16,19.20,791900,26.18
2001-06-18,19.10,19.34,19.10,19.25,694600,26.25
2001-06-15,19.25,19.49,19.13,19.25,1463400,26.25
2001-06-14,19.31,19.47,19.25,19.41,616100,26.47
2001-06-13,19.40,19.43,19.17,19.32,695200,26.35
2001-06-12,19.05,19.36,19.01,19.32,795100,26.35
2001-06-11,19.30,19.38,19.08,19.11,1147300,26.06
2001-06-08,19.15,19.60,19.15,19.33,644400,26.36
2001-06-07,19.24,19.66,19.20,19.52,1036700,26.62
2001-06-06,19.25,19.36,18.98,19.24,957100,26.24
2001-06-05,19.10,19.35,19.06,19.25,1276800,26.25
2001-06-04,19.09,19.14,18.96,19.08,1285700,26.02
2001-06-01,19.20,19.20,18.89,19.19,1501100,26.17
2001-05-31,18.45,19.22,18.26,18.84,2171200,25.69
2001-05-30,19.31,19.75,18.35,18.90,2219300,25.77
2001-05-29,19.26,19.51,19.21,19.30,621100,26.12
2001-05-25,19.65,19.66,19.20,19.39,679600,26.24
2001-05-24,19.65,19.79,19.57,19.62,648300,26.55
2001-05-23,19.85,19.88,19.55,19.65,996700,26.60
2001-05-22,19.99,20.02,19.60,19.62,868000,26.55
2001-05-21,19.80,19.90,19.62,19.80,855300,26.80
2001-05-18,19.35,19.84,19.31,19.74,988300,26.72
2001-05-17,19.85,19.88,19.31,19.35,769400,26.19
2001-05-16,19.00,19.95,18.90,19.65,1134000,26.60
2001-05-15,19.49,19.49,18.97,19.00,1005100,25.72
2001-05-14,19.42,19.67,19.20,19.47,626900,26.35
2001-05-11,19.99,19.99,19.12,19.42,1179800,26.28
2001-05-10,20.20,20.25,19.70,19.99,1006800,27.06
2001-05-09,20.26,20.75,19.75,19.91,1050400,26.95
2001-05-08,20.30,20.70,20.15,20.51,845500,27.76
2001-05-07,19.85,20.11,19.80,20.06,560400,27.15
2001-05-04,19.95,20.28,19.86,20.21,427300,27.35
2001-05-03,19.80,20.19,19.46,20.12,795300,27.23
2001-05-02,19.90,19.93,19.60,19.78,1057800,26.77
2001-05-01,19.70,20.13,19.68,19.85,1061200,26.87
2001-04-30,20.12,20.14,19.72,19.76,1447300,26.74
2001-04-27,20.00,20.24,20.00,20.20,1013200,27.34
2001-04-26,19.92,20.24,19.92,19.94,1644900,26.99
2001-04-25,19.91,20.44,19.90,20.26,1228100,27.42
2001-04-24,20.05,20.14,19.63,19.86,897400,26.88
2001-04-23,19.86,20.28,19.80,19.98,797100,27.04
2001-04-20,20.41,20.54,19.86,19.86,1237400,26.88
2001-04-19,20.25,20.73,20.25,20.63,1358600,27.92
2001-04-18,21.02,21.02,20.56,20.96,1434900,28.37
2001-04-17,20.88,21.15,20.88,21.00,1628900,28.42
2001-04-16,21.20,21.24,20.92,21.00,619100,28.42
2001-04-12,21.06,21.24,20.85,21.18,785600,28.67
2001-04-11,21.13,21.16,20.65,21.12,1632600,28.58
2001-04-10,22.22,22.22,21.32,21.37,1426300,28.92
2001-04-09,22.04,22.59,21.88,21.89,818400,29.63
2001-04-06,22.11,22.50,21.84,22.04,827300,29.83
2001-04-05,22.71,23.25,22.30,22.32,4442600,30.21
2001-04-04,21.55,22.99,21.52,22.55,4723400,30.52
2001-04-03,21.50,21.58,21.32,21.46,2076200,29.04
2001-04-02,21.60,21.80,21.50,21.54,1602800,29.15
2001-03-30,21.50,21.61,21.26,21.58,1869100,29.21
2001-03-29,21.58,21.75,21.35,21.49,1906900,29.09
2001-03-28,21.00,21.73,20.98,21.62,1857100,29.26
2001-03-27,21.01,21.08,20.70,21.03,1240900,28.46
2001-03-26,21.00,21.08,20.87,21.01,625400,28.44
2001-03-23,20.77,21.25,20.37,21.08,1068500,28.53
2001-03-22,21.15,21.15,20.20,20.99,1412800,28.41
2001-03-21,21.74,21.74,21.28,21.32,1145900,28.86
2001-03-20,21.60,21.73,21.35,21.53,1089500,29.14
2001-03-19,21.58,21.95,21.50,21.65,1044800,29.30
2001-03-16,21.16,21.60,21.16,21.59,2062600,29.22
2001-03-15,21.15,21.49,21.01,21.39,1197700,28.95
2001-03-14,21.40,21.50,21.11,21.22,1251800,28.72
2001-03-13,21.65,21.65,20.85,21.58,1030800,29.21
2001-03-12,21.35,21.80,21.12,21.58,1089900,29.21
2001-03-09,21.20,21.62,21.19,21.40,999500,28.96
2001-03-08,20.90,21.37,20.87,21.37,765800,28.92
2001-03-07,20.68,20.76,20.55,20.67,863000,27.98
2001-03-06,21.00,21.00,20.50,20.64,1628100,27.94
2001-03-05,21.35,21.55,20.99,21.00,894500,28.42
2001-03-02,21.44,21.50,21.02,21.46,978500,29.04
2001-03-01,21.50,21.69,21.35,21.44,1193400,29.02
2001-02-28,22.18,22.22,21.37,21.69,1211400,29.36
2001-02-27,21.52,22.30,21.52,22.10,798200,29.91
2001-02-26,21.90,22.25,21.85,22.04,1042200,29.63
2001-02-23,21.95,22.50,21.52,22.01,906800,29.59
2001-02-22,21.35,21.97,21.06,21.97,1192000,29.54
2001-02-21,21.79,21.99,21.25,21.25,610200,28.57
2001-02-20,21.50,21.88,21.40,21.79,1071400,29.30
2001-02-16,20.55,21.15,20.55,20.94,770100,28.15
2001-02-15,20.80,20.89,20.40,20.65,719100,27.76
2001-02-14,21.00,21.00,20.49,20.99,904000,28.22
2001-02-13,21.30,21.30,20.88,21.10,962000,28.37
2001-02-12,21.15,21.35,21.03,21.27,720600,28.60
2001-02-09,21.30,21.50,21.06,21.12,567000,28.40
2001-02-08,21.19,21.50,21.04,21.23,606800,28.54
2001-02-07,21.00,21.25,20.90,21.11,1116500,28.38
2001-02-06,21.00,21.20,20.81,21.00,477600,28.24
2001-02-05,21.07,21.12,20.91,21.08,1360800,28.34
2001-02-02,21.36,21.37,21.01,21.06,758900,28.32
2001-02-01,21.15,21.42,20.75,21.42,989000,28.80
2001-01-31,21.01,21.25,21.00,21.24,984800,28.56
2001-01-30,21.26,21.48,21.00,21.01,1486000,28.25
2001-01-29,21.65,21.85,21.27,21.35,1272300,28.71
2001-01-26,21.56,22.00,21.56,21.94,1502000,29.50
2001-01-25,21.75,21.81,21.50,21.81,1558000,29.33
2001-01-24,22.31,22.31,21.50,21.75,1711000,29.24
2001-01-23,22.50,22.94,22.19,22.81,1432900,30.67
2001-01-22,22.13,22.50,22.06,22.50,939400,30.25
2001-01-19,22.19,22.38,21.69,22.31,1200100,30.00
2001-01-18,21.63,22.19,21.38,22.19,989500,29.83
2001-01-17,21.63,21.75,21.38,21.50,918500,28.91
2001-01-16,21.25,21.75,20.94,21.63,1053600,29.08
2001-01-12,21.38,21.50,20.44,21.00,1542600,28.24
2001-01-11,22.19,22.25,21.31,21.44,830400,28.82
2001-01-10,22.63,22.75,22.13,22.50,468600,30.25
2001-01-09,22.69,22.75,21.81,22.50,731400,30.25
2001-01-08,22.50,22.69,22.13,22.63,717300,30.42
2001-01-05,21.88,22.69,21.69,22.50,1123200,30.25
2001-01-04,22.00,22.25,20.81,22.00,2189400,29.58
2001-01-03,24.56,24.75,22.75,23.13,1354800,31.09
2001-01-02,24.50,24.75,24.31,24.63,982200,33.11
2000-12-29,24.75,24.81,24.44,24.56,680500,33.03
2000-12-28,24.88,24.88,24.44,24.75,753800,33.28
2000-12-27,24.69,24.81,24.56,24.63,962900,33.11
2000-12-26,24.56,24.75,24.38,24.69,804700,33.19
2000-12-22,24.44,24.56,24.06,24.56,673200,33.03
2000-12-21,24.38,24.50,24.06,24.38,1233700,32.77
2000-12-20,23.94,24.94,23.63,24.25,992500,32.61
2000-12-19,24.38,24.81,24.25,24.31,1042500,32.69
2000-12-18,23.31,24.25,23.13,24.25,1095200,32.61
2000-12-15,23.50,23.94,23.13,23.13,3258300,31.09
2000-12-14,24.06,24.44,23.75,24.06,992000,32.35
2000-12-13,24.31,24.56,23.88,24.31,904800,32.69
2000-12-12,24.19,24.69,23.88,24.44,952100,32.86
2000-12-11,24.88,25.06,23.94,24.19,838500,32.52
2000-12-08,24.75,25.13,24.19,24.88,1025900,33.45
2000-12-07,24.44,25.06,24.44,24.88,669100,33.45
2000-12-06,24.75,24.94,24.25,24.63,853900,33.11
2000-12-05,25.00,25.13,24.31,25.00,1825400,33.61
2000-12-04,24.13,25.31,24.06,25.19,1768600,33.87
2000-12-01,23.88,24.19,23.69,24.19,816200,32.52
2000-11-30,23.44,24.00,23.38,24.00,932400,32.27
2000-11-29,23.50,24.00,23.50,23.94,671900,32.18
2000-11-28,23.56,23.75,23.06,23.75,655100,31.74
2000-11-27,22.63,23.56,22.56,23.31,687700,31.15
2000-11-24,23.69,23.69,23.06,23.25,322600,31.07
2000-11-22,24.00,24.25,23.75,23.94,818700,31.99
2000-11-21,23.38,24.19,23.00,24.06,1988500,32.16
2000-11-20,21.81,23.25,21.81,23.06,1305700,30.82
2000-11-17,22.00,22.81,21.88,22.06,1004800,29.48
2000-11-16,22.31,22.75,22.00,22.13,860300,29.57
2000-11-15,21.88,22.75,21.75,22.75,1776300,30.40
2000-11-14,21.94,21.94,21.31,21.75,1466000,29.07
2000-11-13,21.56,22.00,21.56,21.81,1435300,29.15
2000-11-10,21.31,21.94,21.06,21.69,1156800,28.98
2000-11-09,20.69,21.44,20.69,21.31,803400,28.48
2000-11-08,21.38,21.63,21.00,21.19,800200,28.31
2000-11-07,21.50,21.69,21.44,21.50,524100,28.73
2000-11-06,21.56,21.75,21.56,21.56,796600,28.81
2000-11-03,21.94,21.94,21.50,21.56,832600,28.81
2000-11-02,21.50,21.88,21.44,21.75,760700,29.07
2000-11-01,21.44,22.00,21.31,21.56,1594300,28.81
2000-10-31,21.50,21.63,20.94,21.56,888600,28.81
2000-10-30,20.56,21.50,20.31,21.50,1702400,28.73
2000-10-27,20.19,20.69,20.13,20.44,1198900,27.31
2000-10-26,20.13,20.44,20.00,20.38,2610500,27.23
2000-10-25,19.44,20.38,19.31,20.25,2929500,27.06
2000-10-24,19.75,19.88,19.56,19.81,1400100,26.48
2000-10-23,19.75,19.75,19.38,19.38,902300,25.89
2000-10-20,19.94,20.06,19.63,19.69,875100,26.31
2000-10-19,19.88,20.19,19.63,20.13,1025000,26.89
2000-10-18,19.56,20.00,19.44,19.88,1136500,26.56
2000-10-17,19.44,19.75,19.38,19.69,631700,26.31
2000-10-16,19.13,19.50,19.00,19.50,445900,26.06
2000-10-13,19.44,19.50,19.00,19.06,371700,25.47
2000-10-12,19.56,19.81,19.25,19.38,719700,25.89
2000-10-11,19.75,19.94,19.38,19.63,698300,26.23
2000-10-10,19.81,19.94,19.75,19.75,700600,26.39
2000-10-09,19.88,19.94,19.69,19.81,397500,26.48
2000-10-06,19.94,20.13,19.81,19.94,1114400,26.64
2000-10-05,19.81,19.94,19.63,19.88,822000,26.56
2000-10-04,20.00,20.00,19.50,19.56,1098200,26.14
2000-10-03,19.88,20.13,19.63,20.00,522500,26.73
2000-10-02,19.94,20.19,19.81,19.94,783000,26.64
2000-09-29,20.19,20.31,19.94,20.31,929200,27.14
2000-09-28,19.69,20.00,19.56,19.94,859100,26.64
2000-09-27,19.56,19.69,19.00,19.56,1165800,26.14
2000-09-26,20.00,20.19,19.56,19.69,962600,26.31
2000-09-25,20.38,20.38,19.81,19.88,690400,26.56
2000-09-22,19.88,20.31,19.75,20.25,957700,27.06
2000-09-21,19.44,20.19,19.25,19.88,823100,26.56
2000-09-20,20.38,20.38,19.31,19.44,2143900,25.97
2000-09-19,20.13,20.56,20.13,20.50,884900,27.39
2000-09-18,20.44,20.44,19.75,20.19,949100,26.98
2000-09-15,20.25,20.44,20.00,20.25,1461800,27.06
2000-09-14,20.31,20.56,20.25,20.38,1304200,27.23
2000-09-13,20.25,20.50,20.13,20.38,1044300,27.23
2000-09-12,19.88,20.50,19.81,20.06,1768100,26.81
2000-09-11,19.81,19.81,19.63,19.75,639300,26.39
2000-09-08,19.81,19.81,19.44,19.81,1054800,26.48
2000-09-07,19.50,19.69,19.44,19.63,738900,26.23
2000-09-06,18.88,19.69,18.88,19.44,1091900,25.97
2000-09-05,18.81,19.06,18.75,18.88,750900,25.22
2000-09-01,18.88,19.06,18.63,18.88,1186400,25.22
2000-08-31,19.06,19.25,18.56,18.64,3148500,24.91
2000-08-30,18.94,19.38,18.94,19.19,673200,25.64
2000-08-25,19.19,19.19,18.94,19.06,629900,25.29
2000-08-24,19.19,19.25,18.88,19.13,662900,25.38
2000-08-23,18.88,19.19,18.75,19.13,637500,25.38
2000-08-22,18.81,19.06,18.56,18.94,1027100,25.13
2000-08-21,19.00,19.31,18.94,18.94,707000,25.13
2000-08-18,18.75,19.06,18.75,19.00,1030400,25.21
2000-08-17,18.75,19.19,18.75,19.06,878400,25.29
2000-08-16,18.88,19.00,18.56,18.75,964000,24.88
2000-08-15,18.56,18.88,18.31,18.63,789300,24.71
2000-08-14,18.56,18.81,18.50,18.63,760500,24.71
2000-08-11,18.88,19.06,18.63,18.81,738200,24.96
2000-08-10,18.94,19.31,18.63,18.63,583000,24.71
2000-08-09,18.25,18.94,18.25,18.81,818400,24.96
2000-08-08,18.50,19.00,18.50,18.94,820600,25.13
2000-08-07,18.94,19.19,18.94,19.00,600700,25.21
2000-08-04,18.94,19.25,18.94,19.06,656100,25.29
2000-08-03,19.13,19.31,18.56,18.94,708900,25.13
2000-08-02,18.56,19.38,18.56,19.13,717400,25.38
2000-08-01,18.75,18.88,18.56,18.75,377000,24.88
2000-07-31,18.81,19.06,18.44,18.44,508800,24.46
2000-07-28,18.44,18.88,18.44,18.69,470000,24.80
2000-07-27,19.25,19.38,18.75,18.81,472400,24.96
2000-07-26,19.06,19.19,18.88,18.94,812000,25.13
2000-07-25,19.19,19.31,18.88,19.19,494800,25.46
2000-07-24,19.06,19.31,18.88,19.31,628700,25.63
2000-07-21,19.88,19.88,19.00,19.19,606400,25.46
2000-07-20,20.00,20.00,19.75,19.81,763900,26.29
2000-07-19,19.69,20.06,19.69,19.88,691600,26.37
2000-07-18,19.75,19.75,19.25,19.69,817800,26.12
2000-07-17,20.00,20.00,19.69,19.72,1799000,26.16
2000-07-14,20.56,20.81,19.94,20.19,1313400,26.79
2000-07-13,19.31,20.38,19.13,20.06,2355500,26.62
2000-07-12,19.00,19.31,19.00,19.25,790000,25.54
2000-07-11,18.81,19.25,18.63,18.81,736500,24.96
2000-07-10,19.00,19.06,18.56,18.75,710300,24.88
2000-07-07,19.31,19.38,19.00,19.13,744400,25.38
2000-07-06,19.31,19.31,18.81,19.00,470200,25.21
2000-07-05,19.38,19.50,19.06,19.25,793400,25.54
2000-07-03,19.31,19.44,18.88,19.25,524100,25.54
2000-06-30,18.75,19.44,18.63,19.31,1581500,25.63
2000-06-29,18.81,19.13,18.56,18.75,878600,24.88
2000-06-28,19.13,19.19,18.56,18.83,945100,24.98
2000-06-27,18.81,19.38,18.50,18.94,1610100,25.13
2000-06-26,18.56,18.56,18.06,18.13,1136300,24.05
2000-06-23,18.38,18.38,18.00,18.13,962300,24.05
2000-06-22,18.06,18.31,18.00,18.25,1051500,24.22
2000-06-21,18.06,18.44,18.00,18.13,1319500,24.05
2000-06-20,18.25,18.50,18.06,18.19,1374900,24.13
2000-06-19,17.94,18.44,17.94,18.25,1593200,24.22
2000-06-16,18.00,18.44,17.69,17.78,2616900,23.59
2000-06-15,18.25,18.50,18.06,18.25,1417300,24.22
2000-06-14,18.38,18.69,18.25,18.44,1311800,24.46
2000-06-13,18.06,18.44,18.06,18.13,1403800,24.05
2000-06-12,17.88,18.44,17.81,18.19,953300,24.13
2000-06-08,17.81,18.19,17.75,17.88,1543300,23.72
2000-06-07,17.50,18.13,17.50,17.81,2074900,23.63
2000-06-06,16.63,17.50,16.63,17.38,1548300,23.05
2000-06-05,17.63,17.69,17.00,17.06,1849600,22.64
2000-06-01,17.75,18.25,17.75,18.06,1804700,23.97
2000-05-31,18.63,18.88,17.75,18.00,1922300,23.88
2000-05-30,19.25,19.25,18.06,18.88,2289800,25.04
2000-05-26,17.75,18.88,17.75,18.75,1210500,24.70
2000-05-25,17.69,17.94,17.63,17.81,880400,23.46
2000-05-24,17.88,18.50,17.69,17.94,1176200,23.63
2000-05-23,17.50,17.81,17.50,17.63,1122100,23.22
2000-05-22,17.94,17.94,17.31,17.50,1116400,23.05
2000-05-19,17.00,17.44,16.88,17.31,1096800,22.81
2000-05-18,17.44,17.75,17.06,17.06,964300,22.48
2000-05-17,17.50,18.00,17.38,17.38,1049800,22.89
2000-05-16,17.63,18.00,17.44,17.81,1111200,23.46
2000-05-15,17.50,18.06,17.44,17.81,1003800,23.46
2000-05-12,17.81,17.88,17.31,17.63,781200,23.22
2000-05-11,17.44,17.69,17.31,17.56,1342000,23.14
2000-05-10,17.13,17.50,17.00,17.44,1149600,22.97
2000-05-09,17.13,17.25,16.81,16.94,738700,22.31
2000-05-08,16.75,17.44,16.75,17.19,1185400,22.64
2000-05-05,16.81,17.38,16.56,17.19,1615600,22.64
2000-05-04,16.56,17.31,16.50,17.00,2085500,22.39
2000-05-03,15.75,16.88,15.75,16.31,3093500,21.49
2000-05-02,14.88,15.31,14.88,15.13,2082900,19.92
2000-05-01,14.81,14.94,14.56,14.88,2427000,19.59
2000-04-28,15.13,15.25,14.94,15.00,1669300,19.76
2000-04-27,15.50,15.75,15.19,15.19,1400100,20.01
2000-04-26,16.25,16.31,15.50,15.56,1341700,20.50
2000-04-25,16.25,16.56,16.00,16.44,1002800,21.65
2000-04-24,15.69,16.44,15.63,16.38,1338500,21.57
2000-04-20,16.69,16.69,15.69,15.69,1483100,20.67
2000-04-19,16.75,17.13,16.44,16.44,906600,21.65
2000-04-18,16.63,16.81,16.56,16.75,883000,22.06
2000-04-17,16.56,16.88,16.31,16.81,1074700,22.15
2000-04-14,17.13,17.38,16.25,16.44,1185800,21.65
2000-04-13,17.81,18.00,17.50,17.50,1544700,23.05
2000-04-12,17.19,17.81,17.00,17.63,1611600,23.22
2000-04-11,16.75,17.25,16.69,17.00,940100,22.39
2000-04-10,16.94,17.06,16.56,16.75,804500,22.06
2000-04-07,17.06,17.25,16.50,16.88,1971900,22.23
2000-04-06,17.88,18.06,17.31,17.56,947300,23.14
2000-04-05,18.25,18.44,17.69,17.75,1214400,23.38
2000-04-04,17.75,18.94,17.44,18.25,1798500,24.04
2000-04-03,18.38,18.50,17.50,17.69,1663600,23.30
2000-03-31,18.63,19.19,18.00,18.00,1585200,23.71
2000-03-30,17.94,18.81,17.88,18.38,1276800,24.21
2000-03-29,17.38,18.00,17.25,17.81,1236600,23.46
2000-03-28,17.31,17.44,17.25,17.44,1837100,22.97
2000-03-27,18.06,18.25,17.38,17.63,2185200,23.22
2000-03-24,18.00,18.63,18.00,18.63,1496800,24.53
2000-03-23,17.63,18.44,17.50,18.00,1440600,23.71
2000-03-22,17.88,17.94,17.50,17.63,1248300,23.22
2000-03-21,17.50,17.94,17.50,17.81,1259000,23.46
2000-03-20,17.75,17.88,17.63,17.81,1317300,23.46
2000-03-17,17.00,18.13,16.88,17.56,2867700,23.14
2000-03-16,15.81,17.44,15.75,17.25,2818500,22.72
2000-03-15,14.63,15.69,14.63,15.25,1757700,20.09
2000-03-14,14.75,15.06,14.69,14.69,1567400,19.35
2000-03-13,14.31,14.94,14.25,14.69,1229800,19.35
2000-03-10,14.31,14.94,14.31,14.56,1647000,19.18
2000-03-09,14.25,14.69,14.25,14.31,1525500,18.85
2000-03-08,13.81,14.94,13.81,14.56,1925200,19.18
2000-03-07,14.06,14.13,13.38,13.63,1623800,17.95
2000-03-06,14.31,14.63,13.81,13.94,1282700,18.36
2000-03-03,14.06,14.88,14.00,14.56,1341200,19.18
2000-03-02,14.50,14.69,14.13,14.30,1210300,18.83
2000-03-01,14.88,14.94,14.50,14.72,1777800,19.39
2000-02-29,14.88,15.25,14.75,14.88,1541100,19.59
2000-02-28,14.81,15.38,14.69,14.94,1421600,19.68
2000-02-25,15.67,15.73,14.93,14.93,1636300,19.49
2000-02-24,16.23,16.23,15.18,15.42,1740100,20.13
2000-02-22,15.98,16.79,15.98,16.48,994900,21.51
2000-02-18,16.60,16.72,15.98,16.17,1482100,21.10
2000-02-17,16.10,16.79,16.10,16.72,1516900,21.83
2000-02-16,16.35,16.41,15.79,15.98,1975100,20.86
2000-02-15,16.66,16.85,16.23,16.54,2071900,21.59
2000-02-14,17.22,17.28,16.23,16.66,1672300,21.75
2000-02-11,17.41,17.71,17.34,17.41,987300,22.72
2000-02-10,17.84,18.02,17.41,17.53,1331000,22.88
2000-02-09,17.59,17.71,17.34,17.41,1404100,22.72
2000-02-08,18.09,18.21,17.71,17.96,1078200,23.45
2000-02-07,17.71,18.02,17.65,18.02,872800,23.53
2000-02-04,18.21,18.27,17.84,17.96,1250000,23.45
2000-02-03,17.96,18.40,17.71,18.40,1262600,24.01
2000-02-02,18.09,18.21,17.59,18.09,1884300,23.61
2000-02-01,18.33,18.46,18.02,18.15,1307700,23.69
2000-01-31,17.96,18.52,17.90,18.27,1416100,23.85
2000-01-28,18.21,18.21,17.53,18.02,1490200,23.53
2000-01-27,18.83,19.08,17.90,18.27,1114300,23.85
2000-01-26,18.27,18.77,17.96,18.64,1071100,24.34
2000-01-25,18.40,18.58,17.90,18.02,1054400,23.53
2000-01-24,18.83,19.14,18.40,18.40,946600,24.01
2000-01-21,19.26,19.39,18.52,18.64,1104800,24.34
2000-01-20,19.64,19.70,18.77,18.95,1308800,24.74
2000-01-19,19.57,20.01,19.45,19.51,1331300,25.47
2000-01-18,19.94,20.07,19.33,19.70,1604700,25.71
2000-01-14,20.81,20.87,19.94,19.94,1524700,26.04
2000-01-13,19.88,20.19,19.76,19.82,998800,25.87
2000-01-12,20.19,20.56,19.70,19.82,1390700,25.87
2000-01-11,20.13,20.69,20.13,20.56,1314100,26.84
2000-01-10,21.00,21.06,20.38,20.38,1000700,26.60
2000-01-07,20.94,21.00,20.44,20.56,1150400,26.84
2000-01-06,20.32,21.06,20.32,20.75,882200,27.09
2000-01-05,21.31,21.43,20.44,20.63,1245000,26.93
2000-01-04,20.87,21.12,20.38,20.87,959700,27.25
2000-01-03,21.43,21.80,20.87,21.06,976100,27.49
1999-12-31,21.93,22.05,21.62,21.86,265000,28.54
1999-12-30,21.31,22.17,21.31,22.05,842300,28.78
1999-12-29,21.80,21.86,21.18,21.18,649500,27.65
1999-12-28,21.80,21.93,21.37,21.93,594900,28.62
1999-12-27,21.74,22.17,21.68,21.93,719600,28.62
1999-12-23,21.56,21.93,21.56,21.74,479900,28.38
1999-12-22,22.24,22.30,21.37,21.56,1002700,28.14
1999-12-21,21.56,22.05,21.25,21.93,1028300,28.62
1999-12-20,21.68,22.05,21.43,21.74,684300,28.38
1999-12-17,22.11,22.30,21.68,21.93,1487900,28.62
1999-12-16,22.36,22.36,21.68,22.17,791400,28.95
1999-12-15,22.36,22.48,21.68,21.86,805900,28.54
1999-12-14,20.87,22.36,20.87,22.17,1097800,28.95
1999-12-13,22.05,22.24,21.68,21.68,489000,28.30
1999-12-10,22.48,22.61,22.05,22.30,704000,29.11
1999-12-09,22.79,23.04,22.48,22.67,646300,29.59
1999-12-08,23.54,23.54,22.61,22.98,509100,30.00
1999-12-07,23.91,24.09,23.10,23.10,884900,30.16
1999-12-06,23.79,24.22,23.72,23.91,420100,31.21
1999-12-03,23.60,24.84,23.54,24.40,845100,31.86
1999-12-02,23.41,23.66,23.23,23.41,691800,30.56
1999-12-01,23.97,24.03,23.35,23.35,964600,30.48
1999-11-30,23.91,24.84,23.66,24.28,846900,31.70
1999-11-29,23.85,24.03,23.29,23.91,1099900,31.21
1999-11-26,24.52,24.83,24.21,24.27,329400,31.51
1999-11-24,24.15,25.04,23.90,24.76,775900,32.15
1999-11-23,24.09,24.39,23.84,23.96,390000,31.11
1999-11-22,25.01,25.07,23.78,24.27,616300,31.51
1999-11-19,25.44,25.50,25.19,25.32,330300,32.87
1999-11-18,25.44,25.56,25.19,25.44,464400,33.03
1999-11-17,25.75,25.93,25.44,25.63,595700,33.27
1999-11-16,25.38,26.24,25.38,26.24,605000,34.07
1999-11-15,25.75,26.00,25.32,25.38,530900,32.95
1999-11-12,24.83,25.93,24.83,25.87,728700,33.59
1999-11-11,25.93,26.00,24.83,25.01,971800,32.47
1999-11-10,25.69,26.18,25.32,26.06,901500,33.83
1999-11-09,26.55,26.55,25.63,25.87,609100,33.59
1999-11-08,26.12,26.61,26.12,26.61,752100,34.55
1999-11-05,26.37,26.73,26.18,26.43,657800,34.31
1999-11-04,26.30,26.55,26.24,26.30,549700,34.15
1999-11-03,26.24,26.61,26.12,26.43,779400,34.31
1999-11-02,26.61,26.86,26.12,26.12,1068600,33.91
1999-11-01,26.24,26.61,25.87,26.12,830100,33.91
1999-10-29,26.49,27.10,26.43,26.67,1762100,34.63
1999-10-28,25.63,26.49,25.50,26.37,2096200,34.23
1999-10-27,23.90,25.56,23.65,25.26,1276800,32.79
1999-10-26,23.90,24.09,23.16,23.41,561800,30.39
1999-10-25,24.33,24.46,23.84,24.02,577300,31.19
1999-10-22,24.58,25.01,24.46,24.58,713600,31.91
1999-10-21,24.02,24.52,23.96,24.39,721400,31.67
1999-10-20,23.78,24.46,23.65,24.27,545500,31.51
1999-10-19,24.09,24.09,23.53,23.78,905600,30.87
1999-10-18,23.65,24.09,23.22,24.09,756400,31.27
1999-10-15,24.52,24.52,23.72,24.02,916500,31.19
1999-10-14,23.90,24.58,23.29,24.52,1097700,31.83
1999-10-13,24.27,24.58,23.47,23.78,1131200,30.87
1999-10-12,23.90,24.27,23.72,24.21,923700,31.43
1999-10-11,24.83,24.89,24.02,24.15,646200,31.35
1999-10-08,24.52,25.01,24.46,24.89,814200,32.31
1999-10-07,24.21,24.70,24.21,24.52,1278400,31.83
1999-10-06,24.15,24.46,24.15,24.39,908500,31.67
1999-10-05,23.53,24.27,23.35,24.27,1513400,31.51
1999-10-04,22.73,23.53,22.61,23.47,885200,30.47
1999-10-01,23.04,23.04,22.55,22.61,933000,29.35
1999-09-30,22.92,23.59,22.92,23.04,1120300,29.91
1999-09-29,22.79,23.41,22.42,23.41,688400,30.39
1999-09-28,22.79,22.98,22.42,22.98,1004100,29.83
1999-09-27,23.10,23.10,22.36,22.73,718300,29.51
1999-09-24,22.36,22.92,22.18,22.85,868900,29.67
1999-09-23,22.48,22.61,22.24,22.42,858100,29.11
1999-09-22,22.30,22.73,21.99,22.42,680500,29.11
1999-09-21,22.30,22.30,21.93,22.18,520000,28.79
1999-09-20,22.42,22.61,22.30,22.48,339800,29.19
1999-09-17,22.61,22.79,22.42,22.42,560300,29.11
1999-09-16,22.55,22.92,22.24,22.67,547500,29.43
1999-09-15,23.29,23.53,22.61,22.61,750200,29.35
1999-09-14,23.29,23.29,22.73,23.10,412600,29.99
1999-09-13,22.85,23.41,22.73,23.35,513400,30.31
1999-09-10,23.10,23.16,22.73,22.79,603700,29.59
1999-09-09,23.29,23.29,22.55,22.67,704800,29.43
1999-09-08,22.85,23.16,22.67,22.67,665000,29.43
1999-09-07,23.84,23.84,23.10,23.10,746600,29.99
1999-09-03,24.09,24.09,23.59,23.96,995500,31.11
1999-09-02,22.42,23.90,22.30,23.59,2060800,30.63
1999-09-01,22.05,22.48,21.93,22.48,839500,29.19
1999-08-31,22.24,22.24,21.56,21.93,853400,28.47
1999-08-30,22.11,22.42,21.87,22.05,673700,28.63
1999-08-27,22.54,22.67,22.11,22.18,862500,28.63
1999-08-26,22.05,22.54,21.87,22.42,1023000,28.94
1999-08-25,21.07,22.05,21.07,22.05,1006000,28.47
1999-08-24,21.07,21.62,20.89,21.50,933700,27.76
1999-08-23,20.77,21.20,20.77,21.13,787300,27.28
1999-08-20,21.07,21.20,20.83,20.89,719300,26.96
1999-08-19,21.01,21.20,20.77,20.77,846200,26.81
1999-08-18,21.13,21.50,21.07,21.20,850100,27.36
1999-08-17,21.50,21.62,21.07,21.26,620200,27.44
1999-08-16,21.44,21.56,21.26,21.50,725000,27.76
1999-08-13,21.50,21.75,21.26,21.56,631700,27.83
1999-08-12,21.32,21.50,21.07,21.26,923700,27.44
1999-08-11,21.38,21.50,21.13,21.32,739500,27.52
1999-08-10,21.50,21.87,21.32,21.56,908500,27.83
1999-08-09,21.87,21.93,21.44,21.50,599600,27.76
1999-08-06,21.56,21.81,21.50,21.62,715400,27.91
1999-08-05,21.50,21.87,21.26,21.62,641300,27.91
1999-08-04,21.38,21.56,21.26,21.32,667200,27.52
1999-08-03,21.13,21.32,20.77,21.20,908700,27.36
1999-08-02,21.44,21.44,21.07,21.13,781800,27.28
1999-07-30,21.99,22.05,21.56,21.56,706000,27.83
1999-07-29,21.69,21.87,21.56,21.62,699200,27.91
1999-07-28,21.56,22.05,21.56,21.93,1178100,28.31
1999-07-27,21.62,21.81,21.38,21.56,916300,27.83
1999-07-26,21.69,21.99,21.50,21.62,701500,27.91
1999-07-23,21.93,22.05,21.62,21.75,465400,28.07
1999-07-22,22.24,22.30,21.69,21.93,1007200,28.31
1999-07-21,22.30,22.42,22.05,22.24,558400,28.70
1999-07-20,22.42,22.61,22.18,22.30,1403400,28.78
1999-07-19,22.79,22.85,22.54,22.61,497100,29.18
1999-07-16,22.36,23.03,22.30,23.03,807100,29.73
1999-07-15,22.36,22.61,22.11,22.54,593600,29.10
1999-07-14,22.36,22.48,22.05,22.30,1185100,28.78
1999-07-13,22.97,23.22,22.11,22.30,899900,28.78
1999-07-12,23.22,23.40,22.91,23.10,763900,29.81
1999-07-09,22.54,23.22,22.54,23.22,737600,29.97
1999-07-08,22.54,22.91,22.42,22.54,653700,29.10
1999-07-07,23.03,23.10,22.61,22.79,575300,29.42
1999-07-06,22.11,22.97,22.05,22.85,891400,29.50
1999-07-02,21.75,22.42,21.26,22.05,940100,28.47
1999-07-01,22.18,22.30,21.56,21.81,2224300,28.15
1999-06-30,22.11,22.36,21.99,22.24,1287800,28.70
1999-06-29,22.36,22.67,22.30,22.54,1133700,29.10
1999-06-28,22.48,22.61,22.11,22.42,1217700,28.94
1999-06-25,22.67,22.91,22.42,22.54,897700,29.10
1999-06-24,22.97,23.22,22.79,22.79,762700,29.42
1999-06-23,23.65,23.71,23.03,23.22,1533600,29.97
1999-06-22,23.65,23.83,23.46,23.65,575500,30.52
1999-06-21,23.65,23.89,23.59,23.83,651700,30.76
1999-06-18,23.52,23.83,23.46,23.52,1104500,30.37
1999-06-17,23.10,23.77,23.10,23.52,475900,30.37
1999-06-16,22.97,23.40,22.85,23.22,537400,29.97
1999-06-15,22.54,23.28,22.54,22.97,1060700,29.65
1999-06-14,23.03,23.03,22.36,22.48,1418000,29.02
1999-06-11,23.16,23.52,22.61,22.79,1236300,29.42
1999-06-10,23.77,23.83,23.10,23.40,783000,30.21
1999-06-09,24.32,24.44,23.83,24.01,730600,31.00
1999-06-08,24.08,24.44,24.01,24.38,1171500,31.47
1999-06-07,24.01,24.26,23.95,24.08,712500,31.08
1999-06-04,23.52,24.26,23.52,24.14,862600,31.16
1999-06-03,23.83,24.14,23.40,23.46,792200,30.29
1999-06-02,23.77,24.01,23.77,23.89,956600,30.84
1999-06-01,23.52,23.89,23.52,23.71,1026500,30.60
1999-05-28,23.40,23.83,23.34,23.52,1152600,30.37
1999-05-27,23.52,23.71,23.10,23.16,1295400,29.89
1999-05-26,23.77,23.83,23.28,23.77,1565100,30.52
1999-05-25,23.16,24.26,23.10,23.89,1530200,30.68
1999-05-24,23.65,23.89,23.22,23.40,828200,30.05
1999-05-21,23.40,23.95,23.16,23.59,747500,30.29
1999-05-20,23.16,23.83,22.92,23.65,1494200,30.36
1999-05-19,23.40,23.46,22.98,23.10,750500,29.66
1999-05-18,24.07,24.32,22.85,23.40,1355700,30.05
1999-05-17,24.26,24.44,24.01,24.13,1148400,30.99
1999-05-14,23.53,24.20,23.53,24.07,1179300,30.91
1999-05-13,24.13,24.50,23.89,24.13,1309400,30.99
1999-05-12,23.65,24.20,23.40,23.83,2435900,30.60
1999-05-11,22.67,23.89,22.61,23.89,2144000,30.68
1999-05-10,22.25,22.67,22.00,22.43,1848300,28.80
1999-05-07,21.64,22.37,21.21,22.18,1896800,28.49
1999-05-06,21.39,21.57,21.27,21.51,1922700,27.62
1999-05-05,21.21,21.70,21.21,21.45,2303000,27.55
1999-05-04,21.94,22.06,21.15,21.39,1941400,27.47
1999-05-03,21.45,22.25,21.39,22.18,1182700,28.49
1999-04-30,21.03,21.70,21.03,21.57,2091100,27.70
1999-04-29,21.51,21.88,20.97,20.97,2725000,26.92
1999-04-28,22.43,22.79,22.00,22.12,2400300,28.41
1999-04-27,23.28,23.34,22.12,22.49,2629000,28.88
1999-04-26,22.85,23.46,22.73,23.28,1024200,29.89
1999-04-23,23.16,23.22,22.67,22.92,3679400,29.42
1999-04-22,24.13,24.13,21.88,23.40,5227200,30.05
1999-04-21,24.62,25.29,24.13,25.23,600600,32.40
1999-04-20,24.01,24.56,23.83,24.50,749200,31.46
1999-04-19,24.26,25.17,24.01,24.20,774400,31.07
1999-04-16,23.77,24.44,23.22,24.26,1228500,31.15
1999-04-15,24.26,24.50,23.40,23.40,994600,30.05
1999-04-14,24.07,24.56,23.95,24.44,1253300,31.38
1999-04-13,23.22,23.77,23.04,23.77,1917400,30.52
1999-04-12,22.55,22.79,22.43,22.67,926900,29.11
1999-04-09,22.85,23.10,22.43,22.55,776700,28.95
1999-04-08,22.49,22.98,22.43,22.73,967200,29.19
1999-04-07,22.98,23.16,22.49,22.61,1467300,29.03
1999-04-06,23.71,23.95,22.92,23.16,1048100,29.74
1999-04-05,23.71,24.13,23.28,23.83,731500,30.60
1999-04-01,23.89,24.01,23.34,23.71,902600,30.44
1999-03-31,24.38,24.62,23.59,24.13,1339700,30.99
1999-03-30,24.87,25.11,24.62,24.74,882800,31.77
1999-03-29,25.66,25.66,25.23,25.66,487400,32.95
1999-03-26,25.35,25.54,24.74,25.48,784200,32.71
1999-03-25,25.17,25.78,24.99,25.60,772100,32.87
1999-03-24,25.35,25.48,24.81,25.17,596700,32.32
1999-03-23,25.54,25.54,24.38,25.11,1111200,32.24
1999-03-22,25.78,25.84,25.05,25.29,809000,32.48
1999-03-19,26.33,26.33,25.35,25.90,1292500,33.26
1999-03-18,26.39,27.12,26.15,26.33,995200,33.81
1999-03-17,25.96,26.63,25.84,26.15,868400,33.57
1999-03-16,26.02,26.76,25.84,26.39,837700,33.88
1999-03-15,25.66,26.02,25.60,25.78,659700,33.10
1999-03-12,26.21,26.21,25.48,25.90,1259600,33.26
1999-03-11,26.02,26.15,25.54,25.72,908700,33.02
1999-03-10,26.08,26.33,25.96,26.02,665700,33.42
1999-03-09,25.72,26.51,25.66,25.96,1182200,33.34
1999-03-08,26.69,26.69,26.02,26.21,611600,33.65
1999-03-05,26.82,26.94,26.51,26.94,824400,34.59
1999-03-04,26.57,26.76,26.33,26.63,550800,34.20
1999-03-03,26.08,26.57,25.96,26.45,672700,33.96
1999-03-02,25.96,26.51,25.84,26.08,980000,33.49
1999-03-01,26.27,26.33,25.72,25.96,1006200,33.34
1999-02-26,25.54,26.63,25.54,26.51,871500,34.04
1999-02-25,25.84,25.90,25.35,25.78,1302100,33.10
1999-02-24,25.72,26.51,25.72,25.96,705000,33.18
1999-02-23,25.78,26.63,25.60,25.78,1029800,32.94
1999-02-22,25.72,26.69,25.66,25.90,852100,33.10
1999-02-19,25.48,26.33,25.36,25.84,1019800,33.02
1999-02-18,25.96,25.96,25.30,25.66,853400,32.79
1999-02-17,25.48,25.84,25.30,25.60,1008900,32.71
1999-02-16,25.24,25.84,24.99,25.42,1047900,32.48
1999-02-12,24.45,25.11,24.39,24.39,985700,31.16
1999-02-11,23.54,24.99,23.35,24.63,2500800,31.47
1999-02-10,22.87,23.54,22.87,23.54,1437500,30.08
1999-02-09,23.05,23.29,22.81,23.11,1325100,29.53
1999-02-08,23.96,24.08,23.60,23.72,1578800,30.31
1999-02-05,24.20,24.39,23.72,24.20,1169500,30.93
1999-02-04,23.78,24.45,23.66,24.26,1826900,31.01
1999-02-03,23.17,23.96,23.17,23.84,1488700,30.46
1999-02-02,23.17,23.54,23.11,23.29,1519500,29.77
1999-02-01,24.26,24.39,23.05,23.29,3447100,29.77
1999-01-29,24.39,24.87,24.20,24.75,1050100,31.63
1999-01-28,24.63,25.24,24.57,24.99,1000900,31.94
1999-01-27,25.11,25.17,24.39,24.81,2208400,31.70
1999-01-26,24.26,25.11,24.20,24.99,1165000,31.94
1999-01-25,24.26,24.69,24.14,24.39,1033500,31.16
1999-01-22,24.26,24.87,24.14,24.33,1490500,31.08
1999-01-21,24.75,24.75,24.08,24.14,3102600,30.85
1999-01-20,25.96,25.96,25.11,25.17,1990900,32.17
1999-01-19,26.51,26.69,25.84,25.96,1413500,33.18
1999-01-15,26.45,26.63,25.84,26.27,1263400,33.56
1999-01-14,25.24,25.66,24.99,25.60,1607300,32.71
1999-01-13,24.51,25.60,24.51,25.17,1678600,32.17
1999-01-12,25.17,25.60,25.11,25.24,2766000,32.25
1999-01-11,24.51,25.36,24.51,24.87,2515600,31.78
1999-01-08,26.93,27.12,25.05,25.90,4047200,33.10
1999-01-07,26.93,27.30,26.69,26.81,1578600,34.26
1999-01-06,27.18,27.36,26.45,27.12,1555000,34.65
1999-01-05,27.30,27.54,26.93,27.18,932600,34.73
1999-01-04,27.48,27.90,26.81,27.48,1086000,35.11
1998-12-31,27.72,28.15,27.36,27.36,784000,34.96
1998-12-30,28.75,29.00,27.84,27.96,765300,35.73
1998-12-29,28.69,28.75,28.03,28.75,476800,36.74
1998-12-28,28.63,28.69,28.03,28.39,423000,36.28
1998-12-24,28.63,28.69,28.39,28.63,330700,36.59
1998-12-23,28.03,28.87,27.54,28.87,916900,36.90
1998-12-22,26.99,28.15,26.27,27.72,880100,35.42
1998-12-21,53.75,54.78,53.56,53.68,791400,34.30
1998-12-18,53.44,54.17,53.14,54.05,1024300,34.53
1998-12-17,53.87,54.35,53.56,54.17,547100,34.61
1998-12-16,53.68,53.99,52.90,53.44,548600,34.15
1998-12-15,54.84,54.84,53.20,53.62,862700,34.26
1998-12-14,52.90,55.08,52.65,54.47,1077200,34.80
1998-12-11,52.41,53.81,50.71,53.32,1577900,34.07
1998-12-10,54.47,54.47,52.41,52.41,1647200,33.49
1998-12-09,55.44,55.44,54.35,54.35,1336100,34.73
1998-12-08,55.69,56.35,55.57,55.99,709000,35.77
1998-12-07,56.54,56.54,54.96,55.69,973600,35.58
1998-12-04,56.29,56.90,56.11,56.78,708000,36.28
1998-12-03,56.11,56.35,55.50,56.29,1024500,35.97
1998-12-02,57.26,57.26,55.57,56.11,719900,35.85
1998-12-01,56.78,58.23,56.72,57.51,535900,36.74
1998-11-30,56.17,58.17,55.93,56.66,775300,36.20
1998-11-27,57.14,57.51,56.11,56.35,471300,36.01
1998-11-25,57.99,58.23,57.20,57.39,548000,36.50
1998-11-24,58.05,58.77,57.87,58.17,721200,37.00
1998-11-23,59.02,59.32,58.47,58.77,562700,37.39
1998-11-20,58.17,59.08,57.93,59.02,751300,37.54
1998-11-19,57.63,57.87,57.08,57.75,646400,36.74
1998-11-18,56.48,57.45,56.48,57.26,888000,36.43
1998-11-17,57.99,58.05,56.30,56.54,980300,35.97
1998-11-16,58.53,58.90,57.81,58.11,738900,36.97
1998-11-13,57.63,58.65,57.57,58.47,646400,37.20
1998-11-12,59.20,59.38,57.32,57.63,724700,36.66
1998-11-11,58.23,59.44,57.99,59.32,522300,37.73
1998-11-10,58.05,59.26,58.05,58.23,679900,37.04
1998-11-09,58.59,58.59,57.81,58.11,587200,36.97
1998-11-06,59.14,59.50,57.39,58.59,862000,37.27
1998-11-05,57.99,59.20,57.93,59.20,734200,37.66
1998-11-04,57.99,58.53,56.54,57.87,941900,36.81
1998-11-03,58.29,58.65,57.14,57.99,849300,36.89
1998-11-02,57.87,58.90,57.63,58.23,896000,37.04
1998-10-30,57.87,58.29,57.45,57.69,769700,36.70
1998-10-29,57.32,57.99,56.54,57.63,1267900,36.66
1998-10-28,56.42,57.99,56.42,57.75,1177000,36.74
1998-10-27,55.33,56.54,55.09,56.30,663600,35.81
1998-10-26,54.36,56.06,54.30,54.85,1107900,34.89
1998-10-23,54.43,55.09,54.00,54.12,561700,34.43
1998-10-22,53.88,55.09,53.88,54.67,721400,34.78
1998-10-21,54.97,54.97,54.30,54.43,535300,34.62
1998-10-20,57.02,57.02,54.36,54.67,1332000,34.78
1998-10-19,54.79,57.39,54.36,57.14,1187100,36.35
1998-10-16,56.90,56.90,54.30,55.03,1354500,35.01
1998-10-15,57.14,57.20,56.24,56.84,996500,36.16
1998-10-14,57.51,58.11,57.39,57.69,1932300,36.70
1998-10-13,57.99,58.35,57.75,57.99,1636400,36.89
1998-10-12,58.59,59.56,58.17,58.59,1033900,37.27
1998-10-09,58.23,59.20,56.84,58.77,1437300,37.39
1998-10-08,57.51,59.02,55.94,58.77,1821900,37.39
1998-10-07,56.42,58.11,56.36,57.75,1584600,36.74
1998-10-06,57.02,57.99,56.06,56.66,1426400,36.04
1998-10-05,55.09,57.51,54.55,57.39,1573400,36.50
1998-10-02,52.49,55.09,52.49,54.67,1239100,34.78
1998-10-01,51.59,53.58,51.53,52.25,1081800,33.24
1998-09-30,53.22,53.82,51.65,52.19,817900,33.20
1998-09-29,53.52,54.18,52.55,53.46,565400,34.01
1998-09-28,52.92,53.28,52.55,53.28,729800,33.89
1998-09-25,52.07,53.28,52.01,52.67,768000,33.51
1998-09-24,53.10,53.10,51.59,51.83,760100,32.97
1998-09-23,53.10,53.16,52.43,53.04,829500,33.74
1998-09-22,52.98,53.10,52.07,53.10,579700,33.78
1998-09-21,51.10,52.98,50.50,52.85,899700,33.62
1998-09-18,52.25,52.49,51.41,51.83,1010100,32.97
1998-09-17,52.37,52.37,51.71,52.19,816000,33.20
1998-09-16,52.61,52.98,52.13,52.98,721700,33.70
1998-09-15,51.95,53.10,51.89,52.61,930000,33.47
1998-09-14,51.41,52.79,51.10,52.31,1042900,33.28
1998-09-11,48.69,50.98,48.51,50.98,1035900,32.43
1998-09-10,49.17,49.96,48.75,49.17,901100,31.28
1998-09-09,50.62,50.68,49.77,50.44,956900,32.09
1998-09-08,49.77,50.98,48.81,50.86,1544900,32.35
1998-09-04,47.84,48.81,47.00,48.45,1484900,30.82
1998-09-03,46.63,47.60,45.85,47.42,1765300,30.16
1998-09-02,45.42,47.30,45.42,47.12,2075900,29.97
1998-09-01,43.79,45.42,43.73,45.42,1826200,28.90
1998-08-31,44.76,45.61,42.83,43.85,978000,27.90
1998-08-28,46.33,46.57,44.58,45.30,1458600,28.82
1998-08-27,47.25,47.49,44.97,46.17,992300,29.22
1998-08-26,46.53,47.79,46.53,47.55,938100,30.10
1998-08-25,47.97,48.51,47.01,47.49,1225700,30.06
1998-08-24,45.39,47.25,45.15,47.07,1139200,29.79
1998-08-21,44.61,44.97,44.49,44.91,1262600,28.42
1998-08-20,46.53,46.59,44.91,45.45,1248200,28.77
1998-08-19,46.47,47.25,46.29,46.29,719300,29.30
1998-08-18,46.65,46.95,46.17,46.47,1159500,29.41
1998-08-17,46.95,47.19,45.99,46.71,883400,29.57
1998-08-14,48.93,48.93,46.35,47.19,868700,29.87
1998-08-13,48.51,48.57,47.19,47.79,1544800,30.25
1998-08-12,48.09,48.45,47.67,48.39,1113600,30.63
1998-08-11,47.61,48.33,46.83,48.33,1012400,30.59
1998-08-10,47.37,48.69,47.19,48.57,849200,30.75
1998-08-07,47.91,48.09,47.07,47.13,1207900,29.83
1998-08-06,48.09,49.17,47.37,48.15,1854300,30.48
1998-08-05,49.66,50.32,49.30,50.08,998300,31.70
1998-08-04,50.26,50.44,49.24,49.42,1079000,31.28
1998-08-03,48.21,51.10,48.21,50.08,1181600,31.70
1998-07-31,49.36,49.36,47.37,48.21,1710200,30.52
1998-07-30,50.26,50.68,49.42,49.42,1303600,31.28
1998-07-29,50.68,50.68,49.30,49.84,1628500,31.54
1998-07-28,52.42,52.42,49.66,50.92,1297900,32.23
1998-07-27,52.00,52.54,51.70,52.42,1148300,33.18
1998-07-24,52.18,52.36,51.22,51.70,810800,32.72
1998-07-23,53.02,53.08,52.18,52.42,879500,33.18
1998-07-22,53.32,53.62,53.08,53.32,570700,33.75
1998-07-21,53.98,54.10,53.32,53.38,1042500,33.79
1998-07-20,54.59,54.59,53.86,54.04,652400,34.21
1998-07-17,55.13,55.91,54.89,54.95,627000,34.78
1998-07-16,54.04,55.19,54.04,55.13,361700,34.89
1998-07-15,53.86,55.19,53.80,54.10,609500,34.25
1998-07-14,54.22,54.34,53.80,53.86,783600,34.09
1998-07-13,54.77,54.77,53.86,53.86,946100,34.09
1998-07-10,54.10,55.49,54.10,55.01,881200,34.82
1998-07-09,55.01,55.13,54.22,54.34,1136900,34.40
1998-07-08,56.21,56.39,55.43,55.61,1235500,35.20
1998-07-07,55.79,56.69,55.55,56.45,634200,35.73
1998-07-06,55.19,56.15,54.95,55.97,388200,35.43
1998-07-02,56.39,56.93,55.37,55.55,693700,35.16
1998-07-01,54.04,55.97,53.92,55.91,1176300,35.39
1998-06-30,54.16,54.59,53.32,53.80,1059100,34.06
1998-06-29,54.59,55.61,54.47,54.59,711100,34.55
1998-06-26,55.01,55.19,54.28,54.47,506000,34.47
1998-06-25,54.83,55.43,54.83,54.83,749900,34.70
1998-06-24,54.89,55.91,54.59,55.07,855600,34.86
1998-06-23,55.07,55.37,54.71,55.13,585100,34.89
1998-06-22,55.19,55.67,54.89,54.89,739300,34.74
1998-06-19,55.37,56.09,55.19,55.19,1411000,34.93
1998-06-18,57.65,57.65,56.09,56.51,691600,35.77
1998-06-17,56.09,58.07,55.91,57.53,515000,36.42
1998-06-16,55.55,56.15,55.01,56.03,902700,35.46
1998-06-15,56.27,56.51,55.43,55.43,742400,35.08
1998-06-12,56.87,57.05,55.85,56.75,734400,35.92
1998-06-11,57.35,57.95,56.93,56.93,622700,36.03
1998-06-10,58.07,58.13,57.11,57.35,450900,36.30
1998-06-09,56.75,58.31,56.45,57.89,643600,36.64
1998-06-08,58.25,58.25,56.81,56.99,422500,36.07
1998-06-05,57.05,58.31,56.63,58.25,469000,36.87
1998-06-04,55.91,57.17,55.79,56.87,671300,36.00
1998-06-03,57.35,58.19,56.81,56.87,795900,36.00
1998-06-02,57.23,58.43,57.23,57.41,816300,36.34
1998-06-01,56.63,56.81,56.09,56.75,870900,35.92
1998-05-29,57.05,57.05,56.63,56.63,658900,35.84
1998-05-28,57.05,57.41,56.81,57.05,670100,36.11
1998-05-27,56.47,57.01,56.23,56.71,567200,35.75
1998-05-26,57.73,57.91,56.83,56.89,461700,35.86
1998-05-22,58.09,58.09,57.43,57.61,379600,36.32
1998-05-21,58.21,58.39,57.73,58.09,644600,36.62
1998-05-20,57.19,58.03,56.89,57.97,661400,36.54
1998-05-19,57.13,57.43,56.95,57.43,627300,36.20
1998-05-18,56.53,57.01,56.29,56.71,642500,35.75
1998-05-15,56.53,57.13,56.53,56.59,1222600,35.67
1998-05-14,57.49,57.79,57.13,57.61,870100,36.32
1998-05-13,57.61,57.91,57.49,57.61,695300,36.32
1998-05-12,57.43,57.91,57.25,57.91,552800,36.50
1998-05-11,58.33,58.86,57.85,57.91,613300,36.50
1998-05-08,57.49,58.45,57.49,58.09,868700,36.62
1998-05-07,57.13,57.73,56.83,56.89,550800,35.86
1998-05-06,57.25,57.67,56.95,57.31,442900,36.13
1998-05-05,58.21,58.21,57.01,57.07,450500,35.98
1998-05-04,57.31,58.21,57.31,58.09,997600,36.62
1998-05-01,57.13,57.37,55.99,57.31,535200,36.13
1998-04-30,55.81,57.61,55.81,57.01,1998600,35.94
1998-04-29,55.27,55.63,55.03,55.57,955700,35.03
1998-04-28,55.03,55.93,54.91,55.21,1656000,34.81
1998-04-27,57.01,57.01,54.37,54.55,1695800,34.39
1998-04-24,58.86,58.92,57.73,57.85,1105800,36.47
1998-04-23,57.07,59.64,57.07,58.86,1392500,37.11
1998-04-22,57.25,58.68,57.25,58.33,900400,36.77
1998-04-21,57.49,57.61,57.01,57.49,817800,36.24
1998-04-20,58.86,59.10,57.97,58.21,468200,36.69
1998-04-17,58.98,59.04,58.33,59.04,505800,37.22
1998-04-16,58.92,58.92,58.45,58.57,654600,36.92
1998-04-15,59.28,59.28,58.86,59.04,759600,37.22
1998-04-14,59.16,59.58,59.16,59.34,697200,37.41
1998-04-13,60.30,60.30,59.04,59.40,638800,37.45
1998-04-09,59.46,60.36,59.46,60.30,808800,38.01
1998-04-08,60.36,60.42,59.28,59.34,825500,37.41
1998-04-07,60.24,60.96,60.12,60.30,1126800,38.01
1998-04-06,59.70,60.18,59.40,59.40,577300,37.45
1998-04-03,60.36,60.36,59.46,59.88,543500,37.75
1998-04-02,60.48,60.66,60.24,60.54,1006000,38.17
1998-04-01,58.92,60.36,58.86,60.18,970400,37.94
1998-03-31,59.34,59.82,58.92,59.16,988000,37.30
1998-03-30,59.04,59.88,59.04,59.52,1049400,37.52
1998-03-27,59.46,59.70,58.57,59.28,1054500,37.37
1998-03-26,59.40,59.58,59.22,59.40,1315200,37.45
1998-03-25,59.28,59.58,59.10,59.58,1341400,37.56
1998-03-24,58.92,59.40,58.57,59.16,741500,37.30
1998-03-23,58.33,59.10,58.15,58.80,1009300,37.07
1998-03-20,57.73,58.80,57.55,58.62,1325900,36.96
1998-03-19,57.31,57.55,56.95,57.55,541800,36.28
1998-03-18,57.43,57.55,57.01,57.19,698800,36.05
1998-03-17,56.59,57.43,56.29,57.43,1356800,36.20
1998-03-16,56.47,56.53,56.11,56.35,631200,35.52
1998-03-13,56.05,56.35,55.45,56.23,903300,35.45
1998-03-12,55.75,56.17,55.51,56.05,568900,35.33
1998-03-11,55.63,56.05,55.27,55.99,857500,35.30
1998-03-10,54.67,55.81,54.61,55.63,1506800,35.07
1998-03-09,54.91,55.03,54.61,54.67,763600,34.47
1998-03-06,53.53,55.03,53.42,54.79,733600,34.54
1998-03-05,53.00,53.59,53.00,53.18,861100,33.52
1998-03-04,53.77,54.25,53.53,54.13,679500,34.13
1998-03-03,54.55,54.85,54.25,54.43,770600,34.31
1998-03-02,53.89,54.91,53.77,54.37,748200,34.28
1998-02-27,53.95,54.31,53.24,54.13,1417600,34.13
1998-02-26,54.55,54.91,54.07,54.37,835600,34.28
1998-02-25,53.92,54.81,53.92,54.63,1031500,34.29
1998-02-24,54.99,55.23,54.10,54.27,1125300,34.07
1998-02-23,54.87,55.29,54.57,55.11,1410300,34.59
1998-02-20,53.50,54.51,52.84,54.33,1601100,34.11
1998-02-19,52.48,53.44,51.65,53.38,2328800,33.51
1998-02-18,51.95,52.25,51.53,52.07,934000,32.69
1998-02-17,52.13,52.43,51.47,51.77,695200,32.50
1998-02-13,52.01,52.13,51.71,52.07,670600,32.69
1998-02-12,52.13,52.43,51.95,52.37,827400,32.87
1998-02-11,52.13,52.72,52.01,52.25,857800,32.80
1998-02-10,52.48,52.90,51.89,51.89,884800,32.57
1998-02-09,52.37,52.90,52.19,52.48,955200,32.95
1998-02-06,51.89,52.07,51.53,52.01,925300,32.65
1998-02-05,51.71,51.95,50.76,51.77,1147300,32.50
1998-02-04,51.89,52.43,51.59,51.83,823800,32.54
1998-02-03,51.83,52.07,51.65,52.01,740000,32.65
1998-02-02,52.37,52.60,51.77,52.07,1216000,32.69
1998-01-30,53.02,53.02,52.07,52.07,762300,32.69
1998-01-29,52.66,53.86,52.60,52.96,740200,33.25
1998-01-28,53.44,54.04,52.54,52.90,1160600,33.21
1998-01-27,53.14,54.33,52.96,52.96,697800,33.25
1998-01-26,53.32,53.86,52.84,53.08,990200,33.32
1998-01-23,53.38,53.38,51.83,53.08,2210200,33.32
1998-01-22,54.75,54.75,53.26,53.32,2064600,33.47
1998-01-21,55.65,56.00,54.45,54.75,954700,34.37
1998-01-20,56.72,56.78,54.39,55.47,1901200,34.82
1998-01-16,56.48,57.20,56.30,57.20,1074500,35.90
1998-01-15,55.35,56.48,55.35,56.24,1148900,35.31
1998-01-14,54.63,55.47,54.63,55.35,1044800,34.74
1998-01-13,53.44,55.23,53.32,55.17,1301700,34.63
1998-01-12,52.60,53.44,51.65,52.84,1408600,33.17
1998-01-09,54.63,55.47,53.44,53.92,2108200,33.85
1998-01-08,54.57,54.99,54.04,54.75,901300,34.37
1998-01-07,53.32,54.63,53.20,54.57,979900,34.26
1998-01-06,52.66,53.56,52.66,53.56,895300,33.62
1998-01-05,54.69,54.87,52.66,53.14,1087800,33.36
1998-01-02,53.50,54.27,53.14,54.21,795800,34.03
1997-12-31,54.69,54.75,53.50,53.74,759900,33.73
1997-12-30,54.21,54.81,53.98,54.69,684000,34.33
1997-12-29,54.63,55.17,54.27,54.33,1086900,34.11
1997-12-26,53.14,54.27,53.14,53.98,304400,33.88
1997-12-24,53.56,53.56,52.84,53.02,584000,33.28
1997-12-23,54.10,54.39,53.32,53.56,1333800,33.62
1997-12-22,52.84,54.21,52.78,54.10,1516600,33.96
1997-12-19,52.54,53.32,51.65,52.78,1158600,33.13
1997-12-18,52.43,53.38,52.31,52.60,1834900,33.02
1997-12-17,52.60,52.72,51.95,52.25,561800,32.80
1997-12-16,53.44,53.62,52.13,52.54,1172600,32.98
1997-12-15,51.83,52.84,51.65,52.37,849600,32.87
1997-12-12,51.05,52.37,51.05,51.83,874000,32.54
1997-12-11,51.05,51.29,50.40,51.05,1354500,32.05
1997-12-10,50.81,51.05,49.86,50.81,1112900,31.90
1997-12-09,50.76,50.76,50.04,50.34,811200,31.60
1997-12-08,50.58,51.05,50.34,50.64,1142600,31.79
1997-12-05,49.50,50.28,49.50,50.28,934800,31.56
1997-12-04,50.40,50.52,49.68,49.68,924000,31.19
1997-12-03,49.98,50.46,49.14,50.34,1131100,31.60
1997-12-02,51.11,51.29,50.10,50.10,633300,31.45
1997-12-01,50.52,51.11,50.28,51.05,858900,32.05
1997-11-28,50.52,50.52,50.28,50.46,297700,31.67
1997-11-26,51.11,51.11,50.34,50.34,860500,31.60
1997-11-25,51.43,52.02,51.43,51.61,1349500,32.25
1997-11-24,50.60,51.37,50.48,51.25,959700,32.03
1997-11-21,50.78,50.78,50.07,50.36,1200600,31.47
1997-11-20,50.96,51.13,50.30,50.42,987000,31.51
1997-11-19,50.78,50.96,50.60,50.78,741100,31.73
1997-11-18,51.79,51.91,50.72,50.96,1014700,31.84
1997-11-17,51.31,51.85,51.31,51.85,1394300,32.40
1997-11-14,50.12,50.60,49.89,50.36,1278900,31.47
1997-11-13,49.29,50.84,49.29,49.95,1303600,31.21
1997-11-12,48.64,50.18,48.64,49.41,1105200,30.88
1997-11-11,48.94,49.11,48.64,48.94,986500,30.58
1997-11-10,48.70,49.06,48.40,48.88,1008800,30.55
1997-11-07,48.34,48.64,47.63,48.16,1055000,30.10
1997-11-06,48.88,49.23,48.70,48.94,792800,30.58
1997-11-05,48.94,49.65,48.76,49.00,554400,30.62
1997-11-04,48.52,49.23,48.52,49.00,437400,30.62
1997-11-03,48.64,49.29,48.46,48.64,1192700,30.40
1997-10-31,47.75,48.88,47.27,48.58,718700,30.36
1997-10-30,47.10,48.70,47.04,47.39,1153100,29.62
1997-10-29,47.57,48.70,47.16,47.51,1430700,29.69
1997-10-28,45.49,47.51,45.14,47.45,2019400,29.66
1997-10-27,48.82,49.23,46.38,46.44,1442400,29.02
1997-10-24,49.06,50.36,48.52,49.65,1374300,31.03
1997-10-23,49.23,50.54,49.11,49.95,1220900,31.21
1997-10-22,49.95,50.24,49.59,49.65,1107400,31.03
1997-10-21,48.28,49.95,48.28,49.95,1469800,31.21
1997-10-20,49.17,49.17,47.93,48.22,1587500,30.14
1997-10-17,48.76,49.17,48.28,48.94,998300,30.58
1997-10-16,49.65,49.89,49.06,49.23,1187900,30.77
1997-10-15,50.54,50.72,49.77,49.83,1384200,31.14
1997-10-14,50.60,50.96,50.48,50.84,1415300,31.77
1997-10-13,49.29,50.48,49.17,50.36,1502000,31.47
1997-10-10,49.77,49.83,48.88,49.17,1074100,30.73
1997-10-09,50.72,50.78,50.07,50.18,1097900,31.36
1997-10-08,50.42,50.96,49.95,50.84,1570300,31.77
1997-10-07,50.36,50.42,50.01,50.42,1049800,31.51
1997-10-06,49.77,50.18,49.71,50.18,965600,31.36
1997-10-03,50.12,50.36,49.23,49.77,1422800,31.10
1997-10-02,49.11,49.89,48.76,49.77,1041900,31.10
1997-10-01,48.70,49.35,48.70,49.11,1466100,30.69
1997-09-30,49.06,49.06,48.46,48.94,1051800,30.58
1997-09-29,48.76,49.00,48.46,48.82,933200,30.51
1997-09-26,49.23,49.29,48.46,48.76,1448300,30.47
1997-09-25,47.81,49.65,47.75,49.35,3840200,30.84
1997-09-24,47.33,48.05,47.10,47.81,1723900,29.88
1997-09-23,47.57,47.81,47.04,47.45,1393900,29.66
1997-09-22,47.51,47.93,47.45,47.75,1566400,29.84
1997-09-19,46.56,47.99,46.56,47.45,3023500,29.66
1997-09-18,46.68,47.45,46.56,46.80,1865700,29.25
1997-09-17,45.61,46.92,45.49,46.74,2170100,29.21
1997-09-16,46.32,46.32,45.25,45.85,5261300,28.65
1997-09-15,43.35,47.10,42.88,46.15,9635200,28.84
1997-09-12,39.67,40.44,39.14,40.44,755300,25.28
1997-09-11,39.55,39.73,39.08,39.43,766700,24.64
1997-09-10,39.61,40.56,39.14,39.61,1001300,24.76
1997-09-09,39.55,39.85,39.43,39.79,618000,24.87
1997-09-08,39.38,39.79,39.14,39.55,781900,24.72
1997-09-05,39.91,40.03,39.14,39.38,866400,24.61
1997-09-04,39.32,39.91,39.32,39.91,1451200,24.94
1997-09-03,39.67,39.85,39.26,39.32,695300,24.57
1997-09-02,38.78,39.61,38.66,39.61,896900,24.76
1997-08-29,38.96,39.08,38.19,38.25,844600,23.90
1997-08-28,39.08,39.26,38.78,38.96,1401200,24.35
1997-08-27,39.35,39.89,39.12,39.35,1447200,24.46
1997-08-26,37.70,38.82,37.70,38.76,1668700,24.10
1997-08-25,38.53,38.70,37.82,37.82,1395700,23.51
1997-08-22,37.99,38.53,37.88,38.53,637600,23.95
1997-08-21,39.41,39.41,38.17,38.35,885700,23.84
1997-08-20,38.41,39.41,38.29,39.41,1146500,24.50
1997-08-19,37.58,38.70,37.46,38.47,1310200,23.91
1997-08-18,38.23,38.23,36.87,37.34,1756500,23.21
1997-08-15,38.88,39.06,38.17,38.17,996400,23.73
1997-08-14,39.24,39.29,38.82,39.12,808000,24.32
1997-08-13,39.94,40.00,39.06,39.12,1146900,24.32
1997-08-12,40.24,40.36,39.89,39.94,779400,24.83
1997-08-11,40.12,40.42,39.89,40.30,602700,25.05
1997-08-08,40.30,41.01,39.83,40.00,1006300,24.87
1997-08-07,42.25,42.31,40.89,41.01,1469600,25.49
1997-08-06,41.19,42.43,41.01,42.25,979200,26.26
1997-08-05,41.36,41.36,41.01,41.19,732700,25.60
1997-08-04,41.78,42.19,41.54,41.54,664500,25.82
1997-08-01,41.30,41.78,41.30,41.66,901500,25.90
1997-07-31,42.31,42.37,41.24,41.42,853600,25.75
1997-07-30,42.37,42.49,42.25,42.43,308100,26.37
1997-07-29,41.95,42.66,41.78,42.37,578900,26.34
1997-07-28,41.95,42.31,41.89,42.13,414700,26.19
1997-07-25,42.54,42.54,42.01,42.01,616200,26.12
1997-07-24,42.49,42.54,41.95,42.54,553900,26.45
1997-07-23,42.07,42.43,41.95,42.37,910400,26.34
1997-07-22,41.60,41.95,41.36,41.89,682100,26.04
1997-07-21,41.36,41.54,41.19,41.48,441400,25.79
1997-07-18,42.07,42.13,41.30,41.60,855700,25.86
1997-07-17,42.60,42.66,42.25,42.37,657600,26.34
1997-07-16,42.31,42.78,42.31,42.66,864500,26.52
1997-07-15,42.01,42.37,41.60,42.19,715600,26.23
1997-07-14,42.19,42.43,41.78,42.07,673000,26.15
1997-07-11,42.37,42.54,42.13,42.13,675400,26.19
1997-07-10,41.60,42.37,41.60,42.25,708000,26.26
1997-07-09,41.95,42.01,41.54,41.54,1148400,25.82
1997-07-08,41.07,41.78,41.01,41.72,936100,25.93
1997-07-07,41.24,41.48,41.01,41.07,1562900,25.53
1997-07-03,40.89,41.36,40.89,41.19,1047400,25.60
1997-07-02,39.59,40.77,39.53,40.71,1273400,25.31
1997-07-01,39.29,39.59,39.00,39.35,938200,24.46
1997-06-30,40.06,40.06,39.18,39.35,633600,24.46
1997-06-27,39.29,40.00,39.24,39.77,800000,24.72
1997-06-26,39.71,40.00,39.12,39.24,1037300,24.39
1997-06-25,39.65,39.89,38.94,39.59,770000,24.61
1997-06-24,39.00,39.71,38.76,39.71,1248300,24.68
1997-06-23,39.71,39.94,38.88,38.88,766000,24.17
1997-06-20,39.83,40.30,39.71,40.18,1192600,24.98
1997-06-19,39.94,40.06,39.47,39.94,506700,24.83
1997-06-18,39.71,39.83,39.35,39.71,561300,24.68
1997-06-17,39.94,40.18,39.71,39.71,1010100,24.68
1997-06-16,40.42,40.42,39.94,40.18,731600,24.98
1997-06-13,40.65,41.01,40.30,40.42,1086200,25.12
1997-06-12,40.30,40.65,40.06,40.65,846300,25.27
1997-06-11,39.71,40.30,39.71,40.18,894900,24.98
1997-06-10,38.88,39.71,38.76,39.71,693700,24.68
1997-06-09,39.00,39.24,38.64,39.00,532800,24.24
1997-06-06,38.76,39.00,38.53,38.88,495300,24.17
1997-06-05,38.29,39.00,38.29,38.53,913700,23.95
1997-06-04,38.53,38.53,38.05,38.05,562500,23.65
1997-06-03,38.29,38.88,38.17,38.64,1048700,24.02
1997-06-02,38.64,38.76,38.29,38.29,851700,23.80
1997-05-30,38.53,38.76,38.41,38.64,782500,24.02
1997-05-29,39.00,39.12,38.64,39.00,783700,24.24
1997-05-28,39.74,39.86,38.68,38.92,842600,24.06
1997-05-27,39.74,39.98,39.51,39.62,471600,24.50
1997-05-23,39.86,40.09,39.74,40.09,521100,24.79
1997-05-22,39.74,40.33,39.74,39.86,990500,24.64
1997-05-21,39.51,39.98,38.92,39.51,1087800,24.43
1997-05-20,38.68,39.27,38.57,39.27,394700,24.28
1997-05-19,39.04,39.15,38.57,38.92,516600,24.06
1997-05-16,39.04,39.62,39.04,39.15,716800,24.21
1997-05-15,38.80,39.27,38.57,39.15,806300,24.21
1997-05-14,39.62,39.86,38.92,38.92,738200,24.06
1997-05-13,40.21,40.21,39.27,39.27,476700,24.28
1997-05-12,39.39,40.09,39.39,39.98,501800,24.72
1997-05-09,39.51,39.51,38.74,39.15,587900,24.21
1997-05-08,39.27,39.74,39.15,39.27,712400,24.28
1997-05-07,40.09,40.21,39.51,39.62,482300,24.50
1997-05-06,40.56,40.56,39.98,40.33,754800,24.93
1997-05-05,39.74,40.56,39.62,40.56,749400,25.08
1997-05-02,38.92,39.74,38.92,39.62,780100,24.50
1997-05-01,39.39,39.39,38.57,38.80,823900,23.99
1997-04-30,39.04,39.74,38.92,39.51,1067500,24.43
1997-04-29,38.68,39.27,38.68,39.27,915400,24.28
1997-04-28,37.86,38.80,37.86,38.57,454900,23.84
1997-04-25,38.57,38.57,37.98,38.10,357800,23.55
1997-04-24,38.45,39.62,38.33,38.68,975000,23.92
1997-04-23,38.80,39.39,38.10,38.21,738700,23.63
1997-04-22,38.10,38.80,37.98,38.80,967200,23.99
1997-04-21,37.86,38.10,37.63,38.10,1057300,23.55
1997-04-18,37.98,37.98,37.51,37.74,1089200,23.33
1997-04-17,38.80,38.80,37.86,38.10,990700,23.55
1997-04-16,38.21,38.68,38.10,38.57,1261000,23.84
1997-04-15,37.63,38.45,37.63,38.21,1272500,23.63
1997-04-14,37.04,37.39,36.80,37.16,801200,22.97
1997-04-11,38.21,38.21,37.16,37.16,759100,22.97
1997-04-10,38.10,38.57,37.86,38.45,946700,23.77
1997-04-09,38.45,38.45,37.86,38.10,1200800,23.55
1997-04-08,38.92,39.04,37.98,38.21,1047100,23.63
1997-04-07,38.45,39.15,38.45,38.92,685900,24.06
1997-04-04,37.51,38.57,37.39,38.45,770600,23.77
1997-04-03,37.86,37.86,37.51,37.74,863700,23.33
1997-04-02,38.33,38.45,37.98,37.98,720500,23.48
1997-04-01,37.86,38.45,37.74,38.45,1400900,23.77
1997-03-31,39.62,39.74,38.10,38.10,1091300,23.55
1997-03-27,40.68,40.80,39.62,39.74,1253500,24.57
1997-03-26,39.74,40.33,39.74,40.33,964000,24.93
1997-03-25,39.62,39.86,39.27,39.74,1209700,24.57
1997-03-24,38.33,39.62,38.33,39.62,1011200,24.50
1997-03-21,39.04,39.04,38.10,38.10,1140600,23.55
1997-03-20,39.51,39.51,38.45,38.57,827300,23.84
1997-03-19,39.27,39.51,39.04,39.51,1002600,24.43
1997-03-18,38.68,39.15,38.57,39.04,1380600,24.13
1997-03-17,36.80,38.57,36.80,38.33,1305600,23.70
1997-03-14,36.80,37.27,36.80,36.80,663000,22.75
1997-03-13,37.04,37.39,36.68,36.92,1224200,22.83
1997-03-12,37.51,37.63,37.16,37.27,775100,23.04
1997-03-11,37.74,38.21,37.51,37.51,866400,23.19
1997-03-10,37.51,37.74,37.16,37.74,486600,23.33
1997-03-07,37.39,37.63,37.04,37.27,703800,23.04
1997-03-06,37.16,37.39,36.68,37.27,857800,23.04
1997-03-05,36.45,37.16,36.45,37.04,1010300,22.90
1997-03-04,36.33,36.68,36.21,36.33,747100,22.46
1997-03-03,36.33,36.45,36.21,36.33,529800,22.46
1997-02-28,36.68,37.04,36.45,36.45,643000,22.54
1997-02-27,37.04,37.16,36.68,36.80,841800,22.75
1997-02-26,37.07,37.31,36.61,36.96,633600,22.72
1997-02-25,37.43,37.54,36.72,37.19,637200,22.86
1997-02-24,36.61,37.43,36.49,37.31,575900,22.94
1997-02-21,36.84,37.19,36.61,36.84,712200,22.65
1997-02-20,36.72,36.96,36.37,36.84,455700,22.65
1997-02-19,37.07,37.31,36.49,36.72,588200,22.58
1997-02-18,36.61,37.31,36.37,37.19,1015400,22.86
1997-02-14,36.72,37.31,36.61,36.84,770200,22.65
1997-02-13,36.72,37.19,36.49,36.49,1265500,22.43
1997-02-12,36.14,36.96,36.14,36.96,598700,22.72
1997-02-11,36.96,37.07,36.02,36.26,848800,22.29
1997-02-10,36.84,37.19,36.61,36.84,861800,22.65
1997-02-07,36.26,36.84,36.14,36.72,1142600,22.58
1997-02-06,36.49,36.96,36.02,36.14,852700,22.22
1997-02-05,37.78,37.89,36.14,36.37,880800,22.36
1997-02-04,36.72,37.66,36.61,37.66,1051500,23.15
1997-02-03,36.96,36.96,36.26,36.72,1141700,22.58
1997-01-31,36.72,37.19,36.49,36.96,917800,22.72
1997-01-30,35.90,36.49,35.90,36.49,541000,22.43
1997-01-29,35.67,36.14,35.55,35.90,652600,22.07
1997-01-28,36.14,36.26,35.32,35.67,768200,21.93
1997-01-27,36.02,36.14,35.67,35.79,827800,22.00
1997-01-24,35.79,36.26,35.79,36.14,843300,22.22
1997-01-23,36.37,36.72,35.44,35.55,925400,21.86
1997-01-22,36.02,36.26,35.44,35.79,981500,22.00
1997-01-21,35.09,36.02,34.97,36.02,1744600,22.14
1997-01-20,35.09,35.20,34.85,35.09,453300,21.57
1997-01-17,34.74,35.44,34.74,35.44,1428900,21.78
1997-01-16,35.09,35.20,34.62,34.62,1124600,21.28
1997-01-15,35.44,35.44,34.97,34.97,696500,21.50
1997-01-14,35.44,35.67,35.32,35.44,603600,21.78
1997-01-13,35.44,35.55,34.97,35.55,888400,21.86
1997-01-10,34.97,35.32,34.74,35.32,931100,21.71
1997-01-09,34.74,35.09,34.62,34.97,737500,21.50
1997-01-08,35.44,35.55,34.50,34.74,1134600,21.35
1997-01-07,35.32,35.44,34.97,35.32,958900,21.71
1997-01-06,34.85,35.55,34.74,35.32,955700,21.71
1997-01-03,34.74,34.97,34.50,34.85,530400,21.43
1997-01-02,34.85,34.97,34.15,34.62,687300,21.28
1996-12-31,35.55,35.67,34.85,34.85,444000,21.43
1996-12-30,36.02,36.14,35.67,35.67,467500,21.93
1996-12-27,36.02,36.14,35.79,35.90,728900,22.07
1996-12-26,35.67,36.02,35.67,36.02,601100,22.14
1996-12-24,35.67,35.79,35.55,35.67,189100,21.93
1996-12-23,35.55,35.79,35.32,35.67,519800,21.93
1996-12-20,36.49,36.49,35.20,35.55,1747900,21.86
1996-12-19,34.74,34.85,34.50,34.85,997100,21.43
1996-12-18,34.15,34.97,34.03,34.50,831700,21.21
1996-12-17,33.45,34.03,33.45,33.92,907700,20.85
1996-12-16,34.15,34.38,33.45,33.68,797000,20.71
1996-12-13,34.03,34.56,33.92,34.15,865600,20.99
1996-12-12,34.38,34.74,34.03,34.27,1077000,21.07
1996-12-11,33.80,34.38,33.68,34.27,887800,21.07
1996-12-10,34.97,35.09,34.03,34.03,710400,20.92
1996-12-09,34.27,35.09,34.27,35.09,582400,21.57
1996-12-06,33.92,34.50,33.57,34.27,1015200,21.07
1996-12-05,35.20,35.20,34.27,34.27,1007000,21.07
1996-12-04,35.67,36.02,35.09,35.20,839900,21.64
1996-12-03,36.26,36.61,35.79,35.79,685200,22.00
1996-12-02,36.49,36.61,35.90,36.26,810300,22.29
1996-11-29,36.72,36.96,36.61,36.72,245400,22.58
1996-11-27,37.07,37.31,36.61,36.72,665400,22.58
1996-11-26,36.88,37.58,36.76,37.11,776700,22.69
1996-11-25,36.65,37.00,36.30,37.00,766500,22.61
1996-11-22,36.30,36.65,36.18,36.41,514900,22.26
1996-11-21,36.65,36.76,36.06,36.18,687700,22.12
1996-11-20,36.88,37.11,36.53,36.76,584100,22.47
1996-11-19,36.88,37.11,36.76,37.11,707600,22.69
1996-11-18,37.11,37.11,36.65,37.11,521600,22.69
1996-11-15,37.58,37.69,37.00,37.11,913800,22.69
1996-11-14,36.41,37.23,36.30,37.23,825600,22.76
1996-11-13,36.41,36.53,36.06,36.41,391300,22.26
1996-11-12,36.41,36.53,36.06,36.30,659000,22.19
1996-11-11,36.06,36.41,35.95,36.41,504700,22.26
1996-11-08,36.18,36.30,35.83,36.06,731200,22.05
1996-11-07,35.13,36.41,35.13,36.30,1197000,22.19
1996-11-06,34.90,35.13,34.79,35.13,716000,21.48
1996-11-05,34.55,34.90,34.44,34.67,1113400,21.19
1996-11-04,34.32,34.67,34.32,34.55,936100,21.12
1996-11-01,33.27,34.44,33.16,34.32,1369100,20.98
1996-10-31,33.27,33.62,33.04,33.04,1144600,20.20
1996-10-30,33.16,33.27,33.04,33.27,879200,20.34
1996-10-29,33.39,33.62,33.27,33.27,878200,20.34
1996-10-28,33.51,33.74,33.39,33.39,700500,20.41
1996-10-25,33.74,33.97,33.51,33.62,465600,20.55
1996-10-24,33.97,34.20,33.62,33.85,833000,20.69
1996-10-23,33.85,34.09,33.51,33.97,475100,20.77
1996-10-22,34.20,34.32,33.74,33.97,612800,20.77
1996-10-21,34.32,34.44,34.20,34.44,639900,21.05
1996-10-18,34.44,34.44,34.20,34.44,523500,21.05
1996-10-17,33.85,34.44,33.85,34.32,699100,20.98
1996-10-16,33.85,33.97,33.62,33.97,612800,20.77
1996-10-15,33.74,33.85,33.62,33.85,823800,20.69
1996-10-14,33.51,33.74,33.39,33.62,298800,20.55
1996-10-11,33.04,33.62,32.92,33.51,647300,20.48
1996-10-10,32.92,33.04,32.92,33.04,437800,20.20
1996-10-09,33.04,33.16,32.81,33.16,531200,20.27
1996-10-08,33.16,33.27,32.92,33.04,781100,20.20
1996-10-07,33.51,33.51,33.27,33.27,518200,20.34
1996-10-04,33.04,33.62,33.04,33.39,698300,20.41
1996-10-03,32.92,33.16,32.81,32.92,504600,20.13
1996-10-02,33.27,33.39,32.69,33.04,757700,20.20
1996-10-01,33.27,33.27,32.92,33.16,563700,20.27
1996-09-30,33.04,33.27,32.81,33.27,776100,20.34
1996-09-27,32.69,33.39,32.57,33.27,1280000,20.34
1996-09-26,32.11,32.81,31.99,32.81,1533300,20.05
1996-09-25,31.64,32.46,31.53,32.34,1405800,19.77
1996-09-24,31.41,31.99,31.29,31.53,1047900,19.27
1996-09-23,31.18,31.64,31.06,31.53,457600,19.27
1996-09-20,31.18,31.41,31.06,31.41,1161500,19.20
1996-09-19,31.18,31.41,31.06,31.06,1051800,18.99
1996-09-18,31.41,31.64,31.18,31.18,836200,19.06
1996-09-17,31.64,31.88,31.29,31.41,929300,19.20
1996-09-16,31.88,31.88,31.53,31.76,766700,19.41
1996-09-13,31.41,31.88,31.29,31.76,853200,19.41
1996-09-12,31.06,31.41,30.95,31.41,961600,19.20
1996-09-11,30.60,31.06,30.48,30.95,877000,18.92
1996-09-10,30.48,30.95,30.25,30.71,1132800,18.77
1996-09-09,30.36,30.60,30.25,30.60,664300,18.70
1996-09-06,30.02,30.36,29.55,30.13,1527200,18.42
1996-09-05,30.25,30.36,30.13,30.36,808300,18.56
1996-09-04,29.55,30.48,29.55,30.36,1478000,18.56
1996-09-03,29.08,29.67,28.85,29.55,781600,18.06
1996-08-30,29.43,29.67,29.20,29.32,441200,17.92
1996-08-29,29.67,29.78,29.43,29.55,502700,18.06
1996-08-28,30.02,30.02,29.67,29.78,548900,18.21
1996-08-27,30.30,30.42,29.84,29.95,689700,18.19
1996-08-26,30.19,30.42,30.07,30.42,454200,18.48
1996-08-23,30.07,30.30,29.84,30.30,971700,18.40
1996-08-22,29.84,30.53,29.72,30.30,1438800,18.40
1996-08-21,29.15,29.84,29.15,29.61,2358300,17.98
1996-08-20,29.26,29.38,28.91,29.15,1067900,17.70
1996-08-19,29.15,29.26,28.91,29.26,917400,17.77
1996-08-16,28.91,29.49,28.80,29.26,1210600,17.77
1996-08-15,29.15,29.26,28.91,28.91,1320900,17.56
1996-08-14,29.26,29.49,29.15,29.15,771300,17.70
1996-08-13,29.61,29.72,29.26,29.26,823400,17.77
1996-08-12,29.61,29.72,29.49,29.49,612600,17.91
1996-08-09,30.07,30.19,29.38,29.61,799700,17.98
1996-08-08,29.61,30.19,29.38,29.72,652300,18.05
1996-08-07,29.72,29.72,29.32,29.72,516600,18.05
1996-08-06,29.61,29.72,29.49,29.61,265200,17.98
1996-08-05,30.07,30.19,29.61,29.72,459100,18.05
1996-08-02,29.84,29.95,29.38,29.95,610200,18.19
1996-08-01,29.49,29.84,29.38,29.72,845100,18.05
1996-07-31,29.15,29.61,29.03,29.49,586400,17.91
1996-07-30,29.26,29.38,29.03,29.26,321500,17.77
1996-07-29,28.91,29.26,28.80,29.03,495800,17.63
1996-07-26,28.68,29.49,28.68,29.38,639100,17.84
1996-07-25,28.68,28.91,28.57,28.68,514200,17.42
1996-07-24,28.10,28.45,27.76,28.10,762700,17.07
1996-07-23,27.99,28.80,27.87,28.57,1159300,17.35
1996-07-22,28.22,28.34,27.99,28.22,947400,17.14
1996-07-19,28.91,29.03,28.22,28.45,724100,17.28
1996-07-18,28.68,29.15,28.57,29.03,914800,17.63
1996-07-17,28.45,28.91,28.45,28.80,913800,17.49
1996-07-16,28.57,28.68,28.10,28.22,1661100,17.14
1996-07-15,28.91,29.03,28.45,28.45,900300,17.28
1996-07-12,29.26,29.38,28.91,29.15,473100,17.70
1996-07-11,29.61,29.72,29.15,29.72,547400,18.05
1996-07-10,29.61,29.72,29.15,29.61,462600,17.98
1996-07-09,29.49,29.95,29.49,29.72,323100,18.05
1996-07-08,29.49,29.84,29.26,29.38,562500,17.84
1996-07-05,29.95,30.07,29.72,29.72,208600,18.05
1996-07-03,30.65,30.76,30.19,30.30,511900,18.40
1996-07-02,30.30,30.76,30.19,30.76,832700,18.69
1996-07-01,29.84,30.42,29.84,30.30,693600,18.40
1996-06-28,29.72,30.07,29.38,30.07,1024200,18.26
1996-06-27,29.61,29.72,29.38,29.61,999500,17.98
1996-06-26,30.19,30.42,29.49,29.49,858000,17.91
1996-06-25,30.42,30.53,30.07,30.30,1070100,18.40
1996-06-24,30.30,30.76,30.19,30.30,763400,18.40
1996-06-21,30.19,30.30,29.84,30.19,1327300,18.33
1996-06-20,29.95,30.30,29.61,30.07,954500,18.26
1996-06-19,30.19,31.00,30.07,30.19,951200,18.33
1996-06-18,29.95,30.42,29.95,30.19,443900,18.33
1996-06-17,30.19,30.30,29.84,29.95,524400,18.19
1996-06-14,29.95,30.30,29.95,30.19,730300,18.33
1996-06-13,29.95,30.19,29.95,29.95,337600,18.19
1996-06-12,30.07,30.19,29.84,30.07,499400,18.26
1996-06-11,30.76,30.76,30.07,30.07,978500,18.26
1996-06-10,31.11,31.23,30.88,30.88,434700,18.76
1996-06-07,30.42,31.11,30.42,31.11,718600,18.90
1996-06-06,31.34,31.34,30.53,30.65,885000,18.62
1996-06-05,30.76,31.34,30.53,31.34,773300,19.04
1996-06-04,30.42,30.76,30.30,30.76,586100,18.69
1996-06-03,30.65,30.65,30.19,30.30,540800,18.40
1996-05-31,31.00,31.11,30.76,30.88,784600,18.76
1996-05-30,30.53,31.00,30.42,30.88,582000,18.76
1996-05-29,30.42,30.76,30.30,30.53,595600,18.55
1996-05-28,30.70,30.82,30.24,30.36,776300,18.32
1996-05-24,30.70,31.05,30.47,30.82,559700,18.60
1996-05-23,30.70,31.05,30.59,30.70,585700,18.53
1996-05-22,30.36,31.05,30.36,30.59,965500,18.46
1996-05-21,30.01,30.36,29.90,30.24,660200,18.25
1996-05-20,29.90,30.13,29.78,29.90,580900,18.05
1996-05-17,29.32,29.90,29.21,29.78,938300,17.98
1996-05-16,29.44,29.55,29.09,29.21,1521500,17.63
1996-05-15,30.24,30.36,29.67,29.67,709800,17.91
1996-05-14,30.47,30.59,30.01,30.13,729800,18.18
1996-05-13,29.44,30.36,29.21,30.24,655900,18.25
1996-05-10,29.21,29.67,29.09,29.55,1271800,17.84
1996-05-09,28.17,28.52,28.17,28.40,748800,17.14
1996-05-08,28.17,28.29,27.71,28.29,939500,17.07
1996-05-07,28.40,28.75,28.17,28.52,591300,17.21
1996-05-06,28.40,28.63,27.94,28.29,556800,17.07
1996-05-03,28.29,28.63,28.06,28.17,897600,17.00
1996-05-02,28.40,28.63,28.17,28.29,761800,17.07
1996-05-01,28.40,28.86,28.40,28.63,610800,17.28
1996-04-30,28.40,28.75,28.29,28.52,769300,17.21
1996-04-29,28.40,28.52,28.29,28.40,583600,17.14
1996-04-26,29.21,29.32,28.40,28.63,943900,17.28
1996-04-25,28.86,29.32,28.63,29.32,824000,17.70
1996-04-24,29.09,29.21,28.75,28.98,465200,17.49
1996-04-23,28.63,28.98,28.40,28.98,807100,17.49
1996-04-22,28.63,28.75,28.40,28.63,519300,17.28
1996-04-19,28.29,28.75,28.29,28.52,684300,17.21
1996-04-18,28.75,28.75,28.17,28.40,649000,17.14
1996-04-17,28.86,29.09,28.40,28.75,448000,17.35
1996-04-16,29.44,29.44,28.98,29.09,1310100,17.56
1996-04-15,29.21,29.55,28.86,29.55,482000,17.84
1996-04-12,29.09,29.32,28.86,28.98,436500,17.49
1996-04-11,28.40,29.09,27.94,29.09,1532000,17.56
1996-04-10,29.21,29.32,28.29,28.63,1689600,17.28
1996-04-09,29.55,29.78,29.32,29.44,720300,17.77
1996-04-08,29.90,29.90,29.55,29.67,507600,17.91
1996-04-04,30.47,30.47,30.24,30.36,264200,18.32
1996-04-03,30.36,30.59,30.24,30.47,331500,18.39
1996-04-02,30.93,30.93,30.47,30.70,493600,18.53
1996-04-01,30.24,30.82,30.01,30.82,687300,18.60
1996-03-29,30.47,30.47,30.01,30.24,706900,18.25
1996-03-28,29.67,30.59,29.55,30.47,1100100,18.39
1996-03-27,30.47,30.47,29.78,29.90,1195100,18.05
1996-03-26,30.59,30.93,30.36,30.59,756400,18.46
1996-03-25,30.59,30.82,30.47,30.70,608900,18.53
1996-03-22,30.36,30.59,30.13,30.59,388700,18.46
1996-03-21,30.36,30.70,30.13,30.13,753000,18.18
1996-03-20,30.47,30.47,30.01,30.36,645600,18.32
1996-03-19,30.82,30.82,30.13,30.47,621200,18.39
1996-03-18,30.59,30.82,30.47,30.82,682600,18.60
1996-03-15,30.70,30.70,30.36,30.36,850800,18.32
1996-03-14,30.59,30.93,30.59,30.70,501200,18.53
1996-03-13,30.70,30.93,30.24,30.70,550600,18.53
1996-03-12,30.82,30.93,30.47,30.70,742800,18.53
1996-03-11,30.70,31.28,30.47,31.05,966000,18.74
1996-03-08,31.62,31.62,30.93,31.05,1334500,18.74
1996-03-07,31.74,32.08,31.62,31.97,716700,19.29
1996-03-06,31.74,32.20,31.74,31.97,806400,19.29
1996-03-05,31.28,31.97,31.16,31.85,1145700,19.23
1996-03-04,30.93,31.62,30.82,31.39,953500,18.95
1996-03-01,30.01,30.82,29.90,30.70,1261600,18.53
1996-02-29,29.78,30.13,29.44,29.78,1613300,17.98
1996-02-28,31.16,31.16,30.13,30.24,834700,18.25
1996-02-27,30.64,30.99,30.53,30.76,616900,18.45
1996-02-26,31.10,31.10,30.53,30.76,678500,18.45
1996-02-23,30.76,31.10,30.64,30.87,1434300,18.52
1996-02-22,30.07,30.64,30.07,30.41,1200900,18.24
1996-02-21,30.64,30.87,30.30,30.30,1139400,18.18
1996-02-20,30.99,31.10,30.53,30.64,1004000,18.38
1996-02-16,31.21,31.44,30.99,31.21,1372500,18.72
1996-02-15,31.33,31.56,31.21,31.33,944700,18.79
1996-02-14,31.90,31.90,31.33,31.56,958500,18.93
1996-02-13,32.13,32.36,31.67,31.90,1120700,19.14
1996-02-12,32.36,32.47,32.13,32.36,828500,19.41
1996-02-09,31.90,32.47,31.67,32.47,1425800,19.48
1996-02-08,31.44,32.02,31.10,31.90,1481200,19.14
1996-02-07,31.44,31.79,31.21,31.44,1084700,18.86
1996-02-06,30.19,31.56,30.07,31.56,1342000,18.93
1996-02-05,29.96,30.30,29.84,30.19,598500,18.11
1996-02-02,30.53,30.64,30.07,30.19,505600,18.11
1996-02-01,30.87,30.87,30.30,30.53,882800,18.31
1996-01-31,30.87,31.10,30.76,30.87,580900,18.52
1996-01-30,30.19,30.99,29.96,30.87,849000,18.52
1996-01-29,29.73,30.30,29.73,30.30,487700,18.18
1996-01-26,30.07,30.41,29.96,30.19,962700,18.11
1996-01-25,30.07,30.19,29.73,29.96,761900,17.97
1996-01-24,29.96,30.30,29.27,30.30,2155700,18.18
1996-01-23,29.50,29.84,29.39,29.84,789100,17.90
1996-01-22,29.50,29.73,29.27,29.73,953400,17.83
1996-01-19,28.13,29.73,28.01,29.73,1784500,17.83
1996-01-18,28.13,28.36,27.90,28.24,1310000,16.94
1996-01-17,28.01,28.24,27.78,27.90,1000400,16.74
1996-01-16,27.67,27.90,27.44,27.90,1107100,16.74
1996-01-15,27.67,27.90,27.33,27.44,1004000,16.46
1996-01-12,28.13,28.24,27.44,27.78,1121500,16.67
1996-01-11,28.36,28.36,27.90,28.13,583300,16.87
1996-01-10,28.36,28.70,27.90,27.90,678900,16.74
1996-01-09,28.81,28.81,28.36,28.58,511100,17.15
1996-01-08,28.81,28.93,28.47,28.70,233300,17.22
1996-01-05,29.27,29.27,28.24,28.70,973400,17.22
1996-01-04,29.84,29.84,29.04,29.50,695600,17.70
1996-01-03,29.61,30.07,29.61,29.61,789600,17.76
1996-01-02,28.93,29.73,28.81,29.73,750300,17.83
1995-12-29,29.39,29.50,29.04,29.27,452200,17.56
1995-12-28,29.39,29.61,29.27,29.50,684300,17.70
1995-12-27,28.93,29.39,28.93,29.39,440200,17.63
1995-12-26,29.16,29.16,28.81,28.93,311100,17.35
1995-12-22,29.04,29.27,28.93,29.16,434200,17.49
1995-12-21,29.39,29.50,28.93,29.04,496600,17.42
1995-12-20,30.19,30.19,29.27,29.27,904400,17.56
1995-12-19,30.07,30.19,29.61,30.19,889100,18.11
1995-12-18,30.30,30.41,30.07,30.30,537300,18.18
1995-12-15,30.76,30.76,30.41,30.76,1481000,18.45
1995-12-14,30.41,30.64,30.07,30.64,748100,18.38
1995-12-13,30.19,30.41,29.84,30.41,996400,18.24
1995-12-12,30.19,30.41,30.07,30.19,681000,18.11
1995-12-11,30.41,30.53,30.19,30.41,454600,18.24
1995-12-08,30.76,30.87,30.53,30.64,480800,18.38
1995-12-07,30.41,30.87,30.41,30.64,913300,18.38
1995-12-06,30.19,30.64,30.19,30.53,959000,18.31
1995-12-05,29.96,30.41,29.96,30.19,1000300,18.11
1995-12-04,29.61,30.19,29.61,30.07,637300,18.04
1995-12-01,29.27,29.84,29.27,29.84,1209800,17.90
1995-11-30,29.39,29.50,29.27,29.40,467400,17.64
1995-11-29,29.16,29.50,29.16,29.39,550800,17.63
1995-11-28,28.87,29.33,28.64,29.33,895300,17.48
1995-11-27,28.98,28.98,28.76,28.76,424900,17.14
1995-11-24,28.76,28.98,28.76,28.87,129700,17.21
1995-11-22,28.87,28.98,28.76,28.76,407600,17.14
1995-11-21,28.76,28.98,28.64,28.98,556800,17.27
1995-11-20,28.98,28.98,28.64,28.76,702700,17.14
1995-11-17,28.64,28.98,28.64,28.98,869900,17.27
1995-11-16,28.30,28.76,28.19,28.76,1259700,17.14
1995-11-15,27.96,28.19,27.85,28.19,715000,16.80
1995-11-14,27.62,27.96,27.62,27.96,462400,16.66
1995-11-13,27.51,27.85,27.39,27.73,533400,16.53
1995-11-10,27.85,28.08,27.73,27.73,847500,16.53
1995-11-09,27.39,27.96,27.28,27.96,1234700,16.66
1995-11-08,27.05,27.28,26.94,27.28,1522300,16.26
1995-11-07,26.83,27.17,26.83,26.94,1070800,16.05
1995-11-06,26.94,27.05,26.83,26.83,1660700,15.99
1995-11-03,27.05,27.17,26.94,26.94,733100,16.05
1995-11-02,27.28,27.28,26.94,27.17,938200,16.19
1995-11-01,26.71,27.17,26.71,27.17,726500,16.19
1995-10-31,26.94,27.28,26.71,26.71,1243100,15.92
1995-10-30,26.71,27.05,26.48,26.71,617700,15.92
1995-10-27,26.60,26.71,26.37,26.48,532100,15.78
1995-10-26,26.83,27.17,26.37,26.48,843800,15.78
1995-10-25,27.05,27.28,26.60,26.83,926900,15.99
1995-10-24,27.05,27.28,26.94,26.94,794000,16.05
1995-10-23,27.28,27.28,26.94,27.17,606400,16.19
1995-10-20,27.28,27.28,27.05,27.17,619500,16.19
1995-10-19,26.37,27.28,26.14,27.28,2080500,16.26
1995-10-18,26.37,26.48,26.26,26.37,736100,15.72
1995-10-17,26.60,26.60,26.14,26.37,434700,15.72
1995-10-16,26.83,26.83,26.48,26.60,254900,15.85
1995-10-13,26.83,26.94,26.71,26.71,775600,15.92
1995-10-12,26.60,26.83,26.48,26.71,822900,15.92
1995-10-11,26.83,27.05,26.60,26.71,705800,15.92
1995-10-10,26.71,27.05,26.60,26.83,685100,15.99
1995-10-09,26.94,27.17,26.83,27.05,377200,16.12
1995-10-06,26.83,27.28,26.83,27.05,856100,16.12
1995-10-05,27.28,27.39,27.05,27.05,585500,16.12
1995-10-04,27.17,27.28,27.05,27.28,756100,16.26
1995-10-03,27.17,27.39,27.05,27.17,802400,16.19
1995-10-02,26.94,27.28,26.94,27.17,564500,16.19
1995-09-29,27.28,27.28,26.94,27.05,484700,16.12
1995-09-28,27.28,27.28,27.05,27.17,369500,16.19
1995-09-27,27.39,27.51,26.83,27.28,581600,16.26
1995-09-26,26.83,27.62,26.83,27.62,1082600,16.46
1995-09-25,27.28,27.28,26.83,26.94,525000,16.05
1995-09-22,27.05,27.39,26.94,27.39,572400,16.33
1995-09-21,27.05,27.51,26.94,27.28,1186500,16.26
1995-09-20,27.05,27.28,26.83,27.05,752300,16.12
1995-09-19,26.94,27.28,26.71,27.17,1007300,16.19
1995-09-18,26.37,27.05,26.14,26.94,816000,16.05
1995-09-15,26.48,26.71,26.26,26.60,1677900,15.85
1995-09-14,26.26,26.26,26.03,26.14,890300,15.58
1995-09-13,25.80,26.37,25.80,26.26,864500,15.65
1995-09-12,25.80,26.14,25.80,25.92,512900,15.45
1995-09-11,25.80,26.03,25.69,26.03,530900,15.51
1995-09-08,25.46,25.80,25.35,25.80,893800,15.38
1995-09-07,25.46,25.69,25.46,25.46,549400,15.17
1995-09-06,25.80,25.80,25.35,25.57,689300,15.24
1995-09-05,25.35,25.80,25.35,25.69,645300,15.31
1995-09-01,25.12,25.46,25.01,25.46,541100,15.17
1995-08-31,25.01,25.35,25.01,25.23,2062300,15.04
1995-08-30,24.78,25.12,24.78,25.01,411200,14.90
1995-08-29,24.63,24.85,24.40,24.85,449400,14.71
1995-08-28,24.96,25.08,24.51,24.63,700900,14.58
1995-08-25,24.85,25.08,24.74,25.08,933300,14.84
1995-08-24,24.63,24.96,24.63,24.85,860900,14.71
1995-08-23,24.51,24.85,24.51,24.63,766400,14.58
1995-08-22,24.51,24.85,24.40,24.74,432300,14.64
1995-08-21,24.51,24.96,24.51,24.51,560100,14.51
1995-08-18,24.51,24.63,24.29,24.51,1124700,14.51
1995-08-17,24.74,24.85,24.40,24.40,450000,14.44
1995-08-16,24.63,24.85,24.51,24.85,986500,14.71
1995-08-15,24.85,24.96,24.51,24.63,614700,14.58
1995-08-14,24.96,24.96,24.63,24.96,565200,14.78
1995-08-11,25.19,25.19,24.74,24.85,749300,14.71
1995-08-10,25.42,25.42,25.08,25.08,701800,14.84
1995-08-09,25.64,25.64,25.08,25.19,613300,14.91
1995-08-08,25.87,25.87,25.19,25.42,945000,15.04
1995-08-07,25.98,26.21,25.76,25.76,435700,15.24
1995-08-04,26.09,26.09,25.76,25.87,402600,15.31
1995-08-03,25.76,26.09,25.76,26.09,567800,15.45
1995-08-02,25.98,26.32,25.98,26.09,642800,15.45
1995-08-01,25.87,25.87,25.42,25.87,439200,15.31
1995-07-31,25.76,26.21,25.76,25.87,750300,15.31
1995-07-28,25.76,25.87,25.53,25.87,293400,15.31
1995-07-27,25.87,25.98,25.64,25.76,425300,15.24
1995-07-26,25.87,25.98,25.64,25.87,682700,15.31
1995-07-25,25.64,26.09,25.64,25.76,490600,15.24
1995-07-24,26.09,26.21,25.76,25.76,553500,15.24
1995-07-21,26.09,26.21,25.76,26.21,808000,15.51
1995-07-20,25.76,26.32,25.64,26.32,912800,15.58
1995-07-19,25.30,25.87,25.30,25.87,1010800,15.31
1995-07-18,24.96,25.42,24.74,25.30,897300,14.98
1995-07-17,25.42,25.42,25.08,25.08,430800,14.84
1995-07-14,25.53,25.53,25.30,25.42,513700,15.04
1995-07-13,25.64,25.64,25.30,25.64,745100,15.18
1995-07-12,25.19,25.64,25.08,25.64,579600,15.18
1995-07-11,25.30,25.30,24.85,25.19,925000,14.91
1995-07-10,25.53,25.53,25.19,25.30,839100,14.98
1995-07-07,25.76,25.76,25.30,25.42,924200,15.04
1995-07-06,25.53,25.76,25.42,25.76,397500,15.24
1995-07-05,25.53,25.76,25.42,25.53,491100,15.11
1995-07-03,25.76,25.76,25.53,25.64,313100,15.18
1995-06-30,25.53,25.87,25.42,25.76,777900,15.24
1995-06-29,25.53,25.64,25.42,25.53,351900,15.11
1995-06-28,25.53,25.76,25.30,25.53,465700,15.11
1995-06-27,25.87,26.21,25.42,25.42,615300,15.04
1995-06-26,25.87,25.98,25.76,25.87,520500,15.31
1995-06-23,25.98,26.09,25.76,25.98,952500,15.38
1995-06-22,25.42,25.98,25.42,25.98,1059100,15.38
1995-06-21,25.19,25.53,25.08,25.30,573600,14.98
1995-06-20,25.76,25.87,25.08,25.08,668200,14.84
1995-06-19,25.42,25.87,25.30,25.76,535600,15.24
1995-06-16,25.53,25.64,25.30,25.42,1105900,15.04
1995-06-15,25.42,25.53,25.19,25.30,377600,14.98
1995-06-14,24.96,25.42,24.85,25.42,842200,15.04
1995-06-13,24.96,24.96,24.74,24.85,609100,14.71
1995-06-12,24.51,25.08,24.51,24.74,515000,14.64
1995-06-09,24.85,25.08,24.40,24.51,487700,14.51
1995-06-08,24.96,25.08,24.74,24.96,444000,14.78
1995-06-07,24.51,25.19,24.40,25.08,620600,14.84
1995-06-06,24.74,24.85,24.29,24.40,986700,14.44
1995-06-05,24.74,24.85,24.51,24.74,971300,14.64
1995-06-02,24.85,25.08,24.51,24.63,546900,14.58
1995-06-01,25.08,25.30,24.63,24.85,902600,14.71
1995-05-31,24.40,25.30,24.17,25.19,1533600,14.91
1995-05-30,24.06,24.17,23.84,24.17,716600,14.31
1995-05-26,23.95,24.29,23.95,23.95,567200,14.17
1995-05-25,24.06,24.17,23.72,23.95,807700,14.17
1995-05-24,24.13,24.36,23.80,23.91,938400,14.05
1995-05-23,24.24,24.36,24.02,24.24,764600,14.25
1995-05-22,24.02,24.47,23.91,24.24,979800,14.25
1995-05-19,24.02,24.13,23.91,24.02,760900,14.12
1995-05-18,24.24,24.36,23.91,24.13,757400,14.18
1995-05-17,24.13,24.47,24.02,24.24,676600,14.25
1995-05-16,24.24,24.36,24.13,24.24,402600,14.25
1995-05-15,24.47,24.47,24.02,24.24,605500,14.25
1995-05-12,24.69,24.69,24.36,24.47,773900,14.38
1995-05-11,24.36,25.03,24.24,24.69,1324800,14.51
1995-05-10,24.24,24.36,23.91,24.02,936200,14.12
1995-05-09,24.58,24.69,24.13,24.24,621900,14.25
1995-05-08,24.47,24.69,24.13,24.69,413600,14.51
1995-05-05,24.47,24.47,24.13,24.36,723600,14.31
1995-05-04,24.36,24.47,24.13,24.13,866700,14.18
1995-05-03,24.13,24.47,24.13,24.36,983800,14.31
1995-05-02,23.91,24.24,23.91,24.24,1143000,14.25
1995-05-01,24.92,25.03,23.91,23.91,978400,14.05
1995-04-28,24.47,25.03,24.13,25.03,846300,14.71
1995-04-27,24.36,24.58,23.80,24.24,1900800,14.25
1995-04-26,25.03,25.14,24.81,25.14,436100,14.78
1995-04-25,25.37,25.48,25.14,25.37,451800,14.91
1995-04-24,25.14,25.59,25.14,25.59,658400,15.04
1995-04-21,24.92,25.25,24.69,25.14,770400,14.78
1995-04-20,24.58,25.03,24.47,24.81,429900,14.58
1995-04-19,24.36,24.58,24.02,24.58,423000,14.45
1995-04-18,24.58,24.58,24.24,24.24,372600,14.25
1995-04-17,25.14,25.14,24.36,24.47,541200,14.38
1995-04-13,24.69,25.25,24.58,25.03,658200,14.71
1995-04-12,24.47,24.81,24.47,24.81,413800,14.58
1995-04-11,25.14,25.25,24.69,24.69,574300,14.51
1995-04-10,24.92,25.25,24.69,25.14,940100,14.78
1995-04-07,25.03,25.03,24.92,25.03,362500,14.71
1995-04-06,24.69,24.92,24.58,24.92,724700,14.64
1995-04-05,24.58,24.75,24.36,24.69,525200,14.51
1995-04-04,24.36,24.58,24.02,24.47,516900,14.38
1995-04-03,23.68,24.36,23.68,24.24,605800,14.25
1995-03-31,23.80,23.80,23.35,23.46,757000,13.79
1995-03-30,24.36,24.36,23.80,23.91,712000,14.05
1995-03-29,24.47,24.81,24.36,24.36,737600,14.31
1995-03-28,24.92,24.92,24.47,24.47,471600,14.38
1995-03-27,24.47,24.81,24.13,24.81,625900,14.58
1995-03-24,24.69,24.92,24.13,24.36,739200,14.31
1995-03-23,24.36,24.69,24.24,24.58,855900,14.45
1995-03-22,24.36,24.36,24.02,24.24,698800,14.25
1995-03-21,24.58,24.81,24.36,24.47,631300,14.38
1995-03-20,24.81,24.92,24.47,24.47,406500,14.38
1995-03-17,24.92,24.92,24.69,24.81,1317400,14.58
1995-03-16,24.47,24.69,24.36,24.69,713500,14.51
1995-03-15,24.36,24.58,24.13,24.47,865200,14.38
1995-03-14,24.24,24.58,24.13,24.58,1919100,14.45
1995-03-13,23.35,24.13,23.23,24.13,1123300,14.18
1995-03-10,22.90,23.35,22.79,23.35,460000,13.72
1995-03-09,23.12,23.35,22.79,22.79,653900,13.39
1995-03-08,22.90,23.12,22.79,23.12,607500,13.59
1995-03-07,22.56,22.79,22.45,22.79,848800,13.39
1995-03-06,22.90,22.90,22.67,22.79,289700,13.39
1995-03-03,23.01,23.12,22.79,23.01,672100,13.52
1995-03-02,23.23,23.46,23.12,23.23,348000,13.65
1995-03-01,23.46,23.80,23.23,23.35,884500,13.72
1995-02-28,23.12,23.68,23.12,23.68,662300,13.92
1995-02-27,23.57,23.57,23.23,23.23,495400,13.65
1995-02-24,23.35,23.80,23.12,23.68,587300,13.92
1995-02-23,23.12,23.57,23.01,23.46,970100,13.79
1995-02-22,23.08,23.19,22.86,23.08,683900,13.46
1995-02-21,22.97,23.19,22.86,23.19,793200,13.53
1995-02-17,23.19,23.30,22.97,22.97,1081100,13.40
1995-02-16,23.30,23.42,22.97,23.08,654900,13.46
1995-02-15,23.30,23.64,23.19,23.19,772400,13.53
1995-02-14,23.53,23.53,22.97,23.19,764900,13.53
1995-02-13,23.75,23.86,23.42,23.42,621000,13.66
1995-02-10,23.75,23.86,23.30,23.75,793000,13.86
1995-02-09,23.97,24.20,23.64,24.09,790100,14.05
1995-02-08,23.75,24.09,23.64,23.97,810100,13.99
1995-02-07,23.75,23.86,23.53,23.75,899300,13.86
1995-02-06,23.64,23.86,23.64,23.64,422600,13.79
1995-02-03,23.42,23.86,23.30,23.75,1195700,13.86
1995-02-02,23.08,23.19,22.86,23.08,459500,13.46
1995-02-01,23.53,23.75,22.97,23.19,1067200,13.53
1995-01-31,22.97,23.75,22.86,23.53,1667700,13.73
1995-01-30,22.64,23.19,22.52,22.97,1574200,13.40
1995-01-27,22.97,23.08,22.75,22.75,931300,13.27
1995-01-26,21.85,22.86,21.74,22.64,1511900,13.20
1995-01-25,21.85,22.08,21.74,21.74,472000,12.68
1995-01-24,21.85,22.08,21.63,21.85,624300,12.75
1995-01-23,21.97,22.08,21.85,21.85,358800,12.75
1995-01-20,22.30,22.41,22.08,22.19,750600,12.94
1995-01-19,22.08,22.30,22.08,22.30,343000,13.01
1995-01-18,22.41,22.52,21.97,22.30,896900,13.01
1995-01-17,22.52,22.75,22.52,22.64,598900,13.20
1995-01-16,22.64,22.75,22.52,22.64,396500,13.20
1995-01-13,22.64,22.75,22.41,22.52,1062900,13.14
1995-01-12,22.86,22.86,22.52,22.75,704200,13.27
1995-01-11,22.97,23.08,22.75,22.97,498200,13.40
1995-01-10,22.97,23.30,22.86,22.97,1074300,13.40
1995-01-09,22.64,22.97,21.85,22.97,720500,13.40
1995-01-06,22.52,22.64,22.41,22.41,588100,13.07
1995-01-05,22.86,23.19,22.64,22.75,712600,13.27
1995-01-04,22.86,23.08,22.75,22.86,576900,13.33
1995-01-03,22.41,22.86,22.30,22.75,575800,13.27
1994-12-30,22.64,22.86,22.52,22.52,573600,13.14
1994-12-29,22.75,22.86,22.52,22.64,415100,13.20
1994-12-28,22.86,23.08,22.86,22.86,343000,13.33
1994-12-27,23.08,23.19,22.97,22.97,315100,13.40
1994-12-23,22.97,23.08,22.97,23.08,398800,13.46
1994-12-22,22.97,23.19,22.86,22.97,634400,13.40
1994-12-21,22.64,22.97,22.52,22.86,773700,13.33
1994-12-20,22.30,22.64,22.19,22.52,737800,13.14
1994-12-19,22.64,22.75,22.30,22.41,677500,13.07
1994-12-16,23.08,23.08,22.64,22.75,1665400,13.27
1994-12-15,22.64,23.08,22.64,22.75,701100,13.27
1994-12-14,22.52,22.86,22.30,22.86,1010900,13.33
1994-12-13,22.30,22.75,22.30,22.52,974000,13.14
1994-12-12,22.08,22.52,21.97,22.30,1852500,13.01
1994-12-09,21.97,22.41,21.85,22.30,773300,13.01
1994-12-08,21.85,22.08,21.74,22.08,575900,12.88
1994-12-07,21.85,22.08,21.74,21.85,646800,12.75
1994-12-06,21.52,21.97,21.41,21.97,583700,12.81
1994-12-05,21.74,21.85,21.52,21.52,451100,12.55
1994-12-02,21.63,21.85,21.52,21.63,308300,12.62
1994-12-01,21.85,21.97,21.63,21.74,652800,12.68
1994-11-30,21.97,22.08,21.74,21.74,722800,12.68
1994-11-29,21.97,22.08,21.85,21.97,525900,12.81
1994-11-28,22.08,22.19,21.85,21.97,567600,12.81
1994-11-25,21.85,22.30,21.85,22.08,441900,12.88
1994-11-23,21.59,21.92,21.48,21.70,967700,12.56
1994-11-22,21.81,22.04,21.70,21.70,699000,12.56
1994-11-21,22.37,22.37,21.92,21.92,632800,12.69
1994-11-18,22.15,22.37,22.04,22.15,907500,12.82
1994-11-17,22.15,22.26,22.04,22.04,832600,12.75
1994-11-16,22.04,22.26,21.81,22.26,603900,12.88
1994-11-15,22.70,22.70,22.04,22.15,1059600,12.82
1994-11-14,22.37,22.70,22.26,22.59,780600,13.07
1994-11-11,22.26,22.59,22.15,22.48,562800,13.01
1994-11-10,22.04,22.59,21.92,22.15,1445900,12.82
1994-11-09,22.37,22.48,21.81,21.81,679500,12.63
1994-11-08,22.04,22.48,21.92,22.26,2148400,12.88
1994-11-07,21.59,22.04,21.48,22.04,413100,12.75
1994-11-04,22.04,22.15,21.48,21.48,722100,12.43
1994-11-03,22.04,22.15,21.92,22.04,566900,12.75
1994-11-02,21.92,22.37,21.81,22.04,1418200,12.75
1994-11-01,21.81,22.15,21.81,22.04,891600,12.75
1994-10-31,22.15,22.37,21.81,21.81,1025600,12.63
1994-10-28,22.26,22.26,21.70,22.15,1587900,12.82
1994-10-27,21.37,22.26,21.26,22.15,2415300,12.82
1994-10-26,20.71,21.48,20.71,21.26,1966200,12.31
1994-10-25,19.93,20.26,19.93,20.26,406500,11.73
1994-10-24,20.15,20.49,20.04,20.04,774900,11.60
1994-10-21,20.15,20.26,20.04,20.26,485200,11.73
1994-10-20,20.37,20.37,20.04,20.26,760100,11.73
1994-10-19,20.37,20.71,20.26,20.37,633200,11.79
1994-10-18,20.37,20.49,20.15,20.37,1001500,11.79
1994-10-17,20.49,20.60,20.26,20.37,661200,11.79
1994-10-14,20.26,20.60,20.04,20.60,750100,11.92
1994-10-13,20.15,20.37,20.04,20.26,877700,11.73
1994-10-12,20.15,20.26,20.04,20.04,741500,11.60
1994-10-11,19.93,20.15,19.82,20.15,612800,11.66
1994-10-10,19.93,20.04,19.82,19.82,392200,11.47
1994-10-07,19.93,20.04,19.93,19.93,546500,11.54
1994-10-06,20.04,20.04,19.82,19.93,367300,11.54
1994-10-05,19.93,20.04,19.82,19.93,496000,11.54
1994-10-04,20.26,20.49,19.93,19.93,700700,11.54
1994-10-03,19.93,20.26,19.82,20.15,819900,11.66
1994-09-30,19.82,20.15,19.71,19.93,671900,11.54
1994-09-29,19.93,19.93,19.60,19.82,909000,11.47
1994-09-28,19.60,19.93,19.49,19.93,736700,11.54
1994-09-27,19.60,19.71,19.49,19.60,418100,11.34
1994-09-26,19.71,19.82,19.60,19.60,361600,11.34
1994-09-23,19.93,20.04,19.71,19.71,538300,11.41
1994-09-22,19.82,20.04,19.82,19.93,481900,11.54
1994-09-21,19.60,19.93,19.49,19.82,652100,11.47
1994-09-20,19.93,20.04,19.49,19.49,528300,11.28
1994-09-19,20.26,20.37,20.04,20.04,738200,11.60
1994-09-16,20.60,20.60,20.15,20.26,2304200,11.73
1994-09-15,19.49,20.71,19.49,20.60,1987400,11.92
1994-09-14,19.49,19.60,19.38,19.49,769500,11.28
1994-09-13,19.49,19.71,19.49,19.60,918500,11.34
1994-09-12,19.71,19.82,19.38,19.49,652700,11.28
1994-09-09,19.60,19.82,19.49,19.49,600900,11.28
1994-09-08,19.27,20.04,19.27,19.82,1240100,11.47
1994-09-07,19.49,19.49,19.16,19.27,742600,11.15
1994-09-06,19.49,19.60,19.27,19.27,600900,11.15
1994-09-02,20.04,20.15,19.49,19.49,749000,11.28
1994-09-01,20.15,20.26,19.71,19.71,648400,11.41
1994-08-31,19.93,20.49,19.93,20.49,910600,11.86
1994-08-30,20.04,20.04,19.71,19.82,539600,11.47
1994-08-29,20.26,20.37,19.93,20.04,830600,11.60
1994-08-26,20.15,20.26,19.82,20.15,623400,11.66
1994-08-25,20.12,20.23,19.90,20.01,691700,11.49
1994-08-24,20.01,20.23,19.90,20.23,1133500,11.62
1994-08-23,20.23,20.23,19.90,20.01,988700,11.49
1994-08-22,20.12,20.23,19.90,20.12,562300,11.55
1994-08-19,20.34,20.45,20.12,20.34,837900,11.68
1994-08-18,19.90,20.34,19.68,20.34,1565900,11.68
1994-08-17,20.01,20.12,19.90,20.01,842600,11.49
1994-08-16,19.79,20.12,19.79,20.01,882500,11.49
1994-08-15,19.79,20.01,19.68,19.90,1364600,11.43
1994-08-12,19.24,19.90,19.13,19.68,1531400,11.30
1994-08-11,18.91,19.24,18.80,19.13,1155400,10.98
1994-08-10,18.36,18.91,18.36,18.91,923600,10.86
1994-08-09,18.14,18.47,18.14,18.25,632900,10.48
1994-08-08,18.14,18.58,18.03,18.36,493000,10.54
1994-08-05,17.92,18.25,17.81,18.03,501200,10.35
1994-08-04,17.92,18.14,17.81,17.92,1022900,10.29
1994-08-03,18.25,18.25,17.81,17.81,1254000,10.23
1994-08-02,18.36,18.47,18.25,18.25,568900,10.48
1994-08-01,18.25,18.47,18.14,18.36,497500,10.54
1994-07-29,18.03,18.80,17.92,18.14,992200,10.42
1994-07-28,17.92,18.03,17.81,17.81,717000,10.23
1994-07-27,18.14,18.36,18.03,18.03,758100,10.35
1994-07-26,18.03,18.25,18.03,18.25,579600,10.48
1994-07-25,18.14,18.25,18.03,18.03,482000,10.35
1994-07-22,18.36,18.47,17.92,18.03,1028000,10.35
1994-07-21,18.25,18.36,18.14,18.36,773100,10.54
1994-07-20,18.25,18.36,18.03,18.25,642600,10.48
1994-07-19,18.47,18.58,18.03,18.25,593400,10.48
1994-07-18,18.47,18.58,18.36,18.47,407800,10.61
1994-07-15,18.58,18.80,18.36,18.47,1131300,10.61
1994-07-14,17.26,18.80,17.26,18.69,2431400,10.73
1994-07-13,17.26,17.37,17.04,17.15,1618600,9.85
1994-07-12,17.37,17.37,17.15,17.37,877000,9.97
1994-07-11,17.48,17.48,17.04,17.37,1731700,9.97
1994-07-08,17.81,17.92,17.59,17.70,1166600,10.16
1994-07-07,18.14,18.14,17.81,17.81,921400,10.23
1994-07-06,18.03,18.25,18.03,18.25,743700,10.48
1994-07-05,18.14,18.36,18.03,18.14,744800,10.42
1994-07-01,18.69,18.69,18.14,18.14,907300,10.42
1994-06-30,18.80,18.80,18.47,18.69,674900,10.73
1994-06-29,18.80,19.02,18.69,18.91,393300,10.86
1994-06-28,18.80,19.02,18.36,18.58,917100,10.67
1994-06-27,18.80,19.02,18.69,18.69,1113300,10.73
1994-06-24,19.13,19.13,18.80,18.80,507600,10.80
1994-06-23,19.13,19.35,19.02,19.02,545300,10.92
1994-06-22,19.57,19.68,19.24,19.24,484500,11.05
1994-06-21,19.79,19.79,19.24,19.35,761200,11.11
1994-06-20,19.79,20.12,19.46,19.79,873500,11.36
1994-06-17,19.68,20.01,19.57,19.79,1762100,11.36
1994-06-16,19.79,19.90,19.57,19.68,763900,11.30
1994-06-15,19.79,20.01,19.57,19.68,914300,11.30
1994-06-14,19.57,20.01,19.57,19.90,1169500,11.43
1994-06-13,19.57,19.90,19.57,19.57,794400,11.24
1994-06-10,19.90,20.34,19.68,19.79,951600,11.36
1994-06-09,20.01,20.12,19.68,19.90,721300,11.43
1994-06-08,20.45,20.45,19.90,20.12,960200,11.55
1994-06-07,20.67,20.67,20.12,20.23,1182100,11.62
1994-06-06,20.34,20.89,20.23,20.78,2312200,11.93
1994-06-03,20.01,20.34,19.90,20.01,2098900,11.49
1994-06-02,19.13,19.68,19.13,19.57,1750300,11.24
1994-06-01,18.91,19.24,18.91,19.24,904400,11.05
1994-05-31,18.69,19.02,18.69,18.91,924700,10.86
1994-05-27,18.80,19.02,18.69,18.69,894700,10.73
1994-05-26,19.13,19.13,18.91,19.02,825500,10.92
1994-05-25,19.35,19.46,19.13,19.13,480400,10.98
1994-05-24,19.21,19.43,18.99,19.43,679300,11.06
1994-05-23,19.32,19.54,19.21,19.32,684400,11.00
1994-05-20,19.65,19.65,18.78,18.89,1336200,10.75
1994-05-19,19.98,19.98,19.65,19.65,730000,11.19
1994-05-18,19.87,19.98,19.43,19.98,838700,11.38
1994-05-17,19.32,19.87,19.21,19.87,663200,11.31
1994-05-16,19.43,19.65,19.21,19.21,597000,10.94
1994-05-13,19.21,19.76,19.21,19.54,1061800,11.13
1994-05-12,18.78,19.32,18.78,19.21,1347400,10.94
1994-05-11,19.10,19.21,18.56,18.67,1064200,10.63
1994-05-10,18.89,19.10,18.78,19.10,1210600,10.88
1994-05-09,18.45,18.89,18.45,18.56,959500,10.57
1994-05-06,18.34,18.67,18.34,18.45,709800,10.51
1994-05-05,18.56,18.67,18.12,18.56,1095400,10.57
1994-05-04,18.23,18.67,18.01,18.56,969900,10.57
1994-05-03,18.45,18.67,18.12,18.34,709500,10.44
1994-05-02,18.01,18.45,17.79,18.34,1244400,10.44
1994-04-29,18.01,18.45,18.01,18.12,1031500,10.32
1994-04-28,17.90,18.34,17.79,18.01,1113300,10.26
1994-04-26,18.34,18.45,17.90,17.90,694700,10.19
1994-04-25,18.34,18.56,18.23,18.45,560700,10.51
1994-04-22,18.89,18.89,18.23,18.34,572000,10.44
1994-04-21,18.23,19.65,18.23,18.99,1037300,10.82
1994-04-20,18.12,18.23,17.68,18.12,966700,10.32
1994-04-19,18.12,18.45,17.58,18.01,1371400,10.26
1994-04-18,18.34,18.45,18.01,18.01,796500,10.26
1994-04-15,18.67,18.78,18.23,18.34,1288800,10.44
1994-04-14,18.78,18.89,18.56,18.78,630200,10.69
1994-04-13,18.78,18.89,18.56,18.89,472800,10.75
1994-04-12,18.99,19.10,18.78,18.99,720400,10.82
1994-04-11,18.89,19.10,18.78,18.99,662000,10.82
1994-04-08,18.89,18.99,18.67,18.78,670200,10.69
1994-04-07,19.10,19.21,18.89,18.89,907300,10.75
1994-04-06,19.10,19.32,19.10,19.10,685700,10.88
1994-04-05,19.21,19.54,19.10,19.32,817700,11.00
1994-04-04,18.45,19.10,18.23,18.89,1409300,10.75
1994-03-31,19.43,19.54,18.78,18.99,949600,10.82
1994-03-30,19.43,19.76,18.99,19.43,969100,11.06
1994-03-29,19.54,19.87,19.21,19.21,1159100,10.94
1994-03-28,19.21,19.54,18.99,19.54,1180100,11.13
1994-03-25,18.89,19.21,18.78,18.89,779200,10.75
1994-03-24,18.89,19.10,18.78,18.78,1316600,10.69
1994-03-23,19.32,19.32,18.89,18.89,810200,10.75
1994-03-22,19.32,19.54,19.21,19.32,820400,11.00
1994-03-21,18.99,19.43,18.89,19.32,904600,11.00
1994-03-18,18.99,19.21,18.78,18.89,2170700,10.75
1994-03-17,19.65,19.65,18.99,18.99,1289500,10.82
1994-03-16,18.78,19.43,18.78,19.43,1291000,11.06
1994-03-15,19.32,19.32,18.99,18.99,904800,10.82
1994-03-14,19.43,19.54,19.21,19.32,649500,11.00
1994-03-11,19.21,19.54,19.21,19.43,915200,11.06
1994-03-10,19.43,19.54,19.21,19.21,830000,10.94
1994-03-09,19.43,19.76,19.43,19.43,1074800,11.06
1994-03-08,19.32,19.65,19.21,19.54,1633200,11.13
1994-03-07,19.32,19.43,18.99,19.21,1383000,10.94
1994-03-04,18.99,18.99,18.56,18.56,1001200,10.57
1994-03-03,19.32,19.32,18.78,18.78,1090400,10.69
1994-03-02,19.10,19.32,18.89,19.32,1136100,11.00
1994-03-01,19.54,19.54,19.10,19.21,1339800,10.94
1994-02-28,19.21,19.54,19.10,19.54,1115400,11.13
1994-02-25,18.99,19.21,18.67,19.21,1511400,10.94
1994-02-24,18.99,19.32,18.78,18.99,1288700,10.82
1994-02-23,19.10,19.32,18.89,19.21,1191700,10.94
1994-02-22,19.29,19.40,18.96,19.07,1407300,10.77
1994-02-18,19.51,19.51,18.96,18.96,819500,10.71
1994-02-17,19.61,19.72,18.75,19.29,1780400,10.89
1994-02-16,19.83,19.94,19.51,19.61,1459200,11.08
1994-02-15,19.18,19.83,19.18,19.83,1504900,11.20
1994-02-14,18.75,19.29,18.64,19.07,2154800,10.77
1994-02-11,18.31,18.75,18.21,18.75,990400,10.59
1994-02-10,18.75,18.96,18.31,18.53,992300,10.46
1994-02-09,18.53,18.75,18.31,18.75,1258400,10.59
1994-02-08,18.53,18.75,18.31,18.53,1215200,10.46
1994-02-07,18.53,18.75,18.21,18.42,1885800,10.40
1994-02-04,18.75,18.75,18.21,18.53,1947900,10.46
1994-02-03,19.07,19.07,18.42,18.86,2303800,10.65
1994-02-02,19.40,19.61,18.86,19.07,1828000,10.77
1994-02-01,19.07,19.40,18.31,19.29,2080200,10.89
1994-01-31,19.94,20.16,19.07,19.18,1749400,10.83
1994-01-28,20.05,20.48,19.83,20.16,1713900,11.38
1994-01-27,20.91,20.91,19.94,20.37,3130100,11.50
1994-01-26,21.24,21.67,21.24,21.67,800900,12.24
1994-01-25,20.59,21.46,20.59,21.35,1528800,12.05
1994-01-24,20.48,20.81,20.37,20.37,755400,11.50
1994-01-21,20.70,21.02,20.59,20.59,1307700,11.63
1994-01-20,20.37,20.70,20.26,20.59,686400,11.63
1994-01-19,20.16,20.48,19.83,20.37,1226100,11.50
1994-01-18,21.02,21.13,19.94,20.26,1957900,11.44
1994-01-17,20.91,21.02,20.70,21.02,729800,11.87
1994-01-14,21.46,21.67,20.81,20.91,868000,11.81
1994-01-13,21.46,21.67,21.35,21.46,866400,12.12
1994-01-12,22.32,22.43,20.91,21.46,1123900,12.12
1994-01-11,22.32,22.43,22.00,22.11,657900,12.48
1994-01-10,21.78,22.54,21.78,22.54,803400,12.73
1994-01-07,21.46,22.11,21.35,22.00,649500,12.42
1994-01-06,21.35,21.46,20.91,21.24,6788300,11.99
1994-01-05,21.46,21.78,21.24,21.24,787900,11.99
1994-01-04,21.67,21.67,20.91,21.57,560400,12.18
1994-01-03,21.89,21.89,21.57,21.67,629800,12.24
1993-12-31,22.11,22.22,21.67,21.67,420500,12.24
1993-12-30,21.89,22.00,21.78,22.00,354300,12.42
1993-12-29,22.32,22.32,22.00,22.00,552100,12.42
1993-12-28,22.43,22.43,22.22,22.32,467200,12.61
1993-12-27,22.32,22.43,22.32,22.43,301500,12.67
1993-12-23,22.76,22.76,22.32,22.32,489300,12.61
1993-12-22,22.65,22.87,22.43,22.76,615600,12.85
1993-12-21,22.65,22.76,22.54,22.54,564700,12.73
1993-12-20,22.54,22.87,22.22,22.54,837100,12.73
1993-12-17,22.87,22.87,22.43,22.43,1187800,12.67
1993-12-16,23.30,23.41,22.65,22.76,633500,12.85
1993-12-15,23.73,23.73,23.08,23.08,548600,13.03
1993-12-14,23.62,23.73,23.41,23.52,440400,13.28
1993-12-13,23.41,23.62,23.19,23.62,454100,13.34
1993-12-10,23.62,23.73,23.30,23.52,743700,13.28
1993-12-09,23.41,23.73,23.41,23.52,671500,13.28
1993-12-08,23.19,23.73,23.19,23.52,544900,13.28
1993-12-07,22.65,23.52,22.54,23.30,710400,13.16
1993-12-06,22.43,22.76,22.43,22.54,421600,12.73
1993-12-03,22.65,22.76,22.54,22.54,465900,12.73
1993-12-02,22.65,22.76,22.43,22.43,567800,12.67
1993-12-01,22.65,22.97,22.54,22.65,475100,12.79
1993-11-30,22.87,22.87,22.43,22.54,589500,12.73
1993-11-29,23.19,23.30,22.54,22.76,431900,12.85
1993-11-26,22.97,23.19,22.87,22.97,173200,12.97
1993-11-24,22.87,23.08,22.65,22.76,400700,12.85
1993-11-23,23.37,23.48,22.73,22.84,574400,12.80
1993-11-22,23.05,23.16,22.40,23.16,831200,12.98
1993-11-19,23.80,23.80,23.27,23.27,731800,13.05
1993-11-18,23.59,24.02,23.59,23.70,484000,13.29
1993-11-17,23.48,23.91,23.37,23.59,462200,13.23
1993-11-16,24.02,24.13,23.59,23.59,643400,13.23
1993-11-15,23.91,24.02,23.70,24.02,495000,13.47
1993-11-12,23.91,24.24,23.70,23.91,906300,13.41
1993-11-11,23.70,24.02,23.59,23.80,743700,13.35
1993-11-10,22.84,23.59,22.40,23.59,769100,13.23
1993-11-09,23.05,23.16,22.51,22.84,418700,12.80
1993-11-08,22.62,23.16,22.62,22.84,461200,12.80
1993-11-05,22.62,23.16,22.62,22.84,540400,12.80
1993-11-04,22.30,22.73,22.19,22.73,387600,12.74
1993-11-03,22.84,23.16,22.19,22.51,513400,12.62
1993-11-02,22.94,23.16,22.51,22.94,521900,12.86
1993-11-01,22.84,23.27,22.84,22.94,646600,12.86
1993-10-29,23.48,23.59,22.84,22.84,407400,12.80
1993-10-28,22.84,23.48,22.73,23.48,961200,13.17
1993-10-27,22.84,23.05,22.51,22.73,504100,12.74
1993-10-26,22.73,23.16,22.40,23.16,640100,12.98
1993-10-25,23.05,23.05,22.73,22.84,403400,12.80
1993-10-22,23.05,23.27,22.94,22.94,421100,12.86
1993-10-21,22.62,23.16,22.62,22.94,515100,12.86
1993-10-20,23.16,23.27,22.84,22.94,446000,12.86
1993-10-19,23.70,23.80,22.73,23.16,945700,12.98
1993-10-18,24.13,24.34,23.59,23.80,917200,13.35
1993-10-15,22.94,24.24,22.94,24.13,2497400,13.53
1993-10-14,21.87,23.27,21.76,22.73,1525400,12.74
1993-10-13,21.76,21.87,21.33,21.76,384500,12.20
1993-10-12,21.87,21.97,21.65,21.87,748600,12.26
1993-10-11,21.33,21.76,21.22,21.65,666000,12.14
1993-10-08,20.90,21.22,20.68,21.11,614100,11.84
1993-10-07,20.36,20.90,20.36,20.79,694300,11.66
1993-10-06,20.57,20.57,20.14,20.25,477100,11.35
1993-10-05,20.47,20.57,20.14,20.36,501200,11.41
1993-10-04,20.79,20.79,20.47,20.47,678400,11.48
1993-10-01,20.68,21.22,20.47,20.68,1117000,11.60
1993-09-30,20.03,20.68,19.82,20.36,541200,11.41
1993-09-29,20.25,20.36,19.93,20.03,495700,11.23
1993-09-28,20.79,20.79,20.03,20.25,440300,11.35
1993-09-27,20.79,21.33,20.57,20.79,989600,11.66
1993-09-24,20.25,20.90,20.14,20.68,681000,11.60
1993-09-23,20.47,20.57,20.25,20.36,693300,11.41
1993-09-22,20.36,20.57,20.14,20.36,763300,11.41
1993-09-21,20.57,20.79,19.60,20.14,1160600,11.29
1993-09-20,21.43,21.43,20.47,20.57,1074500,11.54
1993-09-17,20.68,21.33,20.68,21.22,1411100,11.90
1993-09-16,22.30,22.30,21.43,21.54,665800,12.08
1993-09-15,21.97,22.30,21.54,22.30,564500,12.50
1993-09-14,22.08,22.19,21.76,22.08,335800,12.38
1993-09-13,22.30,22.51,22.08,22.08,354200,12.38
1993-09-10,22.08,22.30,21.76,22.30,485500,12.50
1993-09-09,22.62,22.94,22.08,22.08,654700,12.38
1993-09-08,22.62,22.84,22.40,22.62,1493900,12.68
1993-09-07,22.73,22.84,22.51,22.51,711100,12.62
1993-09-03,22.84,22.94,22.62,22.73,731600,12.74
1993-09-02,22.73,22.84,22.40,22.73,677000,12.74
1993-09-01,22.40,22.73,22.30,22.73,623600,12.74
1993-08-31,22.40,22.51,22.30,22.40,940600,12.56
1993-08-30,22.40,22.62,22.40,22.51,726800,12.62
1993-08-27,22.40,22.62,22.30,22.40,904000,12.56
1993-08-26,22.19,22.51,22.08,22.51,1089700,12.62
1993-08-25,22.49,22.60,22.06,22.06,1124400,12.29
1993-08-24,22.39,22.71,22.28,22.49,960800,12.53
1993-08-23,22.28,22.49,22.06,22.39,821900,12.47
1993-08-20,22.39,22.49,22.17,22.17,1749700,12.35
1993-08-19,21.74,22.49,21.64,22.39,2253900,12.47
1993-08-18,21.21,21.85,21.10,21.64,1230100,12.05
1993-08-17,20.67,21.31,20.56,21.31,940100,11.87
1993-08-16,20.56,20.89,20.46,20.67,1044800,11.51
1993-08-13,20.03,20.78,20.03,20.46,1125800,11.40
1993-08-12,19.71,20.03,19.71,20.03,1297200,11.16
1993-08-11,19.17,19.60,19.07,19.49,1117100,10.86
1993-08-10,18.64,19.17,18.53,18.96,1679900,10.56
1993-08-09,18.32,18.96,18.21,18.64,1514000,10.38
1993-08-06,18.42,18.74,18.32,18.32,985600,10.20
1993-08-05,18.74,18.74,17.99,18.32,1254900,10.20
1993-08-04,19.49,19.60,18.64,18.74,1032600,10.44
1993-08-03,19.81,19.92,19.28,19.28,500300,10.74
1993-08-02,19.71,20.24,19.60,20.03,405200,11.16
1993-07-30,19.71,20.03,19.49,19.71,730800,10.98
1993-07-29,19.07,20.24,19.07,19.71,827000,10.98
1993-07-28,19.39,19.49,19.07,19.07,942200,10.62
1993-07-27,19.39,19.60,19.28,19.39,1004300,10.80
1993-07-26,19.92,20.03,19.39,19.49,968200,10.86
1993-07-23,20.14,20.35,19.92,19.92,713700,11.10
1993-07-22,19.92,20.46,19.92,20.24,950500,11.28
1993-07-21,19.92,20.46,19.92,20.03,936200,11.16
1993-07-20,20.46,20.56,20.03,20.24,1020600,11.28
1993-07-19,20.56,20.78,20.46,20.56,617900,11.45
1993-07-16,20.67,20.89,20.56,20.56,570000,11.45
1993-07-15,20.78,20.89,20.56,20.56,861100,11.45
1993-07-14,20.78,20.99,20.78,20.78,707300,11.57
1993-07-13,20.78,20.89,20.67,20.78,599400,11.57
1993-07-12,20.67,20.99,20.56,20.56,617000,11.45
1993-07-09,20.89,21.21,20.67,20.78,563600,11.57
1993-07-08,20.89,21.21,20.67,20.99,492900,11.69
1993-07-07,20.67,21.10,20.67,20.78,407200,11.57
1993-07-06,20.99,21.21,20.67,20.67,561400,11.51
1993-07-02,20.99,20.99,20.56,20.78,787400,11.57
1993-07-01,21.21,21.42,20.99,20.99,958200,11.69
1993-06-30,21.10,21.31,20.99,21.21,620300,11.81
1993-06-29,20.99,21.31,20.99,21.21,867300,11.81
1993-06-28,21.31,21.31,20.89,20.99,493300,11.69
1993-06-25,21.31,21.31,20.99,21.10,283100,11.75
1993-06-24,21.10,21.31,20.78,21.31,766500,11.87
1993-06-23,21.42,21.42,20.89,21.10,563000,11.75
1993-06-22,21.10,21.53,20.99,21.21,668000,11.81
1993-06-21,21.21,21.21,20.99,21.10,351100,11.75
1993-06-18,21.53,21.53,21.10,21.10,767800,11.75
1993-06-17,21.10,21.64,21.10,21.53,686600,11.99
1993-06-16,21.42,21.42,20.99,21.21,519700,11.81
1993-06-15,21.42,21.64,21.31,21.42,471000,11.93
1993-06-14,21.53,21.64,21.21,21.42,504900,11.93
1993-06-11,21.31,21.64,21.31,21.53,549300,11.99
1993-06-10,20.99,21.31,20.67,21.21,925700,11.81
1993-06-09,21.21,21.53,20.89,21.42,604600,11.93
1993-06-08,21.31,21.42,20.78,21.10,617600,11.75
1993-06-07,21.42,21.42,21.21,21.42,566900,11.93
1993-06-04,21.53,21.53,21.10,21.21,1587800,11.81
1993-06-03,22.28,22.28,21.31,21.42,2143800,11.93
1993-06-02,22.39,22.49,22.17,22.28,561500,12.41
1993-06-01,22.60,22.60,22.17,22.39,577500,12.47
1993-05-28,23.03,23.14,22.39,22.39,393700,12.47
1993-05-27,22.92,23.35,22.81,23.03,506500,12.83
1993-05-26,22.92,23.03,22.49,22.81,497500,12.71
1993-05-25,22.60,23.14,22.60,23.03,397600,12.83
1993-05-24,22.90,23.01,22.37,22.69,536500,12.56
1993-05-21,22.80,23.54,22.58,23.12,706400,12.79
1993-05-20,22.58,23.12,22.58,22.80,586200,12.62
1993-05-19,21.73,22.90,21.30,22.80,850400,12.62
1993-05-18,21.94,22.05,21.41,21.84,629100,12.09
1993-05-17,21.62,21.73,21.20,21.73,557500,12.03
1993-05-14,21.20,21.62,21.09,21.30,856400,11.79
1993-05-13,21.52,21.52,21.09,21.09,1507400,11.67
1993-05-12,21.73,21.84,21.52,21.73,452000,12.03
1993-05-11,21.62,21.94,21.52,21.94,622600,12.15
1993-05-10,21.94,22.16,21.52,21.62,937400,11.97
1993-05-07,21.73,22.05,21.62,21.94,493500,12.15
1993-05-06,22.16,22.26,21.62,21.73,481000,12.03
1993-05-05,21.84,22.37,21.84,22.16,987300,12.26
1993-05-04,21.41,21.73,21.20,21.62,678700,11.97
1993-05-03,22.16,22.16,21.41,21.62,518000,11.97
1993-04-30,22.26,22.80,21.62,22.16,502500,12.26
1993-04-29,21.84,22.26,21.62,22.05,585500,12.20
1993-04-28,21.52,21.94,21.41,21.62,677500,11.97
1993-04-27,21.09,21.84,21.09,21.41,1166400,11.85
1993-04-26,20.45,21.09,20.35,20.88,704200,11.56
1993-04-23,20.13,20.77,19.81,20.56,1946700,11.38
1993-04-22,21.20,21.20,20.35,20.45,2279800,11.32
1993-04-21,21.41,21.52,20.77,21.20,1131100,11.73
1993-04-20,21.30,21.73,20.99,21.30,1110300,11.79
1993-04-19,21.30,21.62,20.77,21.41,1101300,11.85
1993-04-16,22.16,22.16,21.20,21.30,1513500,11.79
1993-04-15,22.16,22.26,21.84,22.16,738000,12.26
1993-04-14,22.26,22.80,22.16,22.26,922700,12.32
1993-04-13,21.62,22.26,21.41,22.26,949800,12.32
1993-04-12,21.73,21.84,21.09,21.41,1268300,11.85
1993-04-08,21.84,21.94,21.09,21.30,1399000,11.79
1993-04-07,22.48,22.48,21.73,22.05,1538000,12.20
1993-04-06,22.69,23.01,22.26,22.48,2143200,12.44
1993-04-05,23.22,23.33,22.58,22.58,1362000,12.50
1993-04-02,23.65,23.75,23.22,23.22,1128200,12.85
1993-04-01,23.44,23.97,23.44,23.86,1111000,13.21
1993-03-31,23.65,23.86,23.33,23.33,933300,12.91
1993-03-30,23.75,23.86,23.44,23.65,680000,13.09
1993-03-29,23.65,23.86,23.65,23.86,518600,13.21
1993-03-26,23.86,24.18,23.65,23.75,549700,13.15
1993-03-25,24.29,24.29,23.44,23.75,1588600,13.15
1993-03-24,24.50,24.61,24.18,24.29,843800,13.44
1993-03-23,24.93,24.93,24.50,24.50,689500,13.56
1993-03-22,25.35,25.57,25.03,25.14,365500,13.91
1993-03-19,26.31,26.31,25.35,25.57,937200,14.15
1993-03-18,25.14,25.78,25.14,25.78,481100,14.27
1993-03-17,25.46,25.78,25.14,25.14,502500,13.91
1993-03-16,25.67,25.89,25.46,25.46,241200,14.09
1993-03-15,25.57,25.67,25.25,25.57,321500,14.15
1993-03-12,25.46,25.67,25.14,25.57,441200,14.15
1993-03-11,25.99,26.10,25.67,25.89,484900,14.33
1993-03-10,26.10,26.20,25.89,25.99,435700,14.39
1993-03-09,25.99,26.31,25.89,26.10,403000,14.44
1993-03-08,25.78,26.52,25.78,26.20,785200,14.50
1993-03-05,25.99,26.10,25.57,25.67,429500,14.21
1993-03-04,25.89,26.10,25.57,25.99,437800,14.39
1993-03-03,25.57,25.99,25.46,25.78,609500,14.27
1993-03-02,24.93,25.67,24.71,25.57,599400,14.15
1993-03-01,25.03,25.14,24.61,24.82,333000,13.74
1993-02-26,25.03,25.25,24.71,24.82,521500,13.74
1993-02-25,25.03,25.25,24.82,25.14,467900,13.91
1993-02-24,23.97,25.14,23.97,24.82,930600,13.74
1993-02-23,23.86,24.07,23.65,24.07,683700,13.32
1993-02-22,23.74,23.84,23.63,23.74,603300,13.06
1993-02-19,23.84,24.06,23.63,23.84,458000,13.12
1993-02-18,23.84,24.16,23.74,23.84,562100,13.12
1993-02-17,23.84,23.95,23.53,23.53,578900,12.94
1993-02-16,23.95,24.16,23.63,23.95,885300,13.17
1993-02-12,23.95,24.37,23.95,24.16,438100,13.29
1993-02-11,24.37,24.59,24.06,24.16,589500,13.29
1993-02-10,24.16,24.48,23.95,24.48,503800,13.47
1993-02-09,24.27,24.37,24.06,24.16,619000,13.29
1993-02-08,24.37,24.59,24.16,24.37,456900,13.41
1993-02-05,24.90,24.90,24.06,24.37,767000,13.41
1993-02-04,24.48,25.01,24.48,24.90,1055600,13.70
1993-02-03,24.27,24.48,24.06,24.37,758900,13.41
1993-02-02,24.16,24.37,23.95,24.27,659500,13.35
1993-02-01,24.16,24.27,23.84,24.06,550400,13.23
1993-01-29,23.63,23.84,23.42,23.84,765700,13.12
1993-01-28,23.63,23.84,23.53,23.84,632500,13.12
1993-01-27,24.37,24.48,23.10,23.74,1390100,13.06
1993-01-26,24.37,24.48,23.74,24.27,889000,13.35
1993-01-25,23.84,24.48,23.74,24.37,785000,13.41
1993-01-22,23.84,23.95,23.31,23.84,1010700,13.12
1993-01-21,23.21,23.74,22.89,23.74,1157500,13.06
1993-01-20,23.31,23.63,23.21,23.21,913700,12.77
1993-01-19,23.74,23.95,23.00,23.21,1014100,12.77
1993-01-18,24.16,24.16,23.74,23.74,474300,13.06
1993-01-15,24.16,24.27,23.84,24.16,1580600,13.29
1993-01-14,23.95,24.16,23.74,24.16,738900,13.29
1993-01-13,23.63,23.95,23.63,23.95,916700,13.17
1993-01-12,23.74,23.74,23.42,23.74,974900,13.06
1993-01-11,23.63,23.84,23.53,23.63,883400,13.00
1993-01-08,23.63,23.84,23.31,23.53,908900,12.94
1993-01-07,23.84,24.06,23.63,23.84,1155100,13.12
1993-01-06,24.27,24.27,23.63,23.84,1477600,13.12
1993-01-05,24.80,24.80,24.06,24.27,2861000,13.35
1993-01-04,25.43,25.54,24.59,24.80,1067300,13.64
1992-12-31,25.86,25.86,25.33,25.43,500800,13.99
1992-12-30,26.07,26.18,25.65,25.65,621900,14.11
1992-12-29,26.39,27.02,26.07,26.39,531000,14.51
1992-12-28,26.18,26.49,25.86,26.39,374300,14.51
1992-12-24,26.60,26.60,26.39,26.49,259100,14.57
1992-12-23,26.60,27.02,26.28,26.39,732500,14.51
1992-12-22,27.02,27.13,26.18,26.60,1135900,14.63
1992-12-21,53.41,55.00,53.41,55.00,1115100,15.13
1992-12-18,52.56,53.62,52.35,53.52,1481900,14.72
1992-12-17,51.71,52.24,51.40,52.24,955600,14.37
1992-12-16,51.61,51.93,51.61,51.61,496500,14.19
1992-12-15,51.61,51.61,51.18,51.50,928200,14.17
1992-12-14,51.61,51.82,51.50,51.71,393500,14.22
1992-12-11,51.61,51.93,51.61,51.82,351200,14.25
1992-12-10,51.71,51.82,51.29,51.82,444900,14.25
1992-12-09,52.03,52.14,51.50,51.71,584100,14.22
1992-12-08,51.71,52.24,51.71,52.24,424400,14.37
1992-12-07,51.71,52.24,51.50,51.82,437800,14.25
1992-12-04,51.61,52.03,51.50,51.71,458700,14.22
1992-12-03,51.08,51.71,50.87,51.50,471400,14.17
1992-12-02,51.29,51.29,50.87,51.08,443900,14.05
1992-12-01,51.29,51.71,50.97,51.29,466500,14.11
1992-11-30,51.61,51.71,50.87,51.29,751700,14.11
1992-11-27,51.50,52.03,51.29,51.50,269000,14.17
1992-11-25,51.29,51.61,51.08,51.40,570300,14.14
1992-11-24,51.18,51.71,50.97,51.29,537900,14.11
1992-11-23,50.62,51.26,50.41,51.04,541000,13.96
1992-11-20,50.83,50.94,50.52,50.94,487300,13.93
1992-11-19,50.73,50.73,49.99,50.31,688200,13.76
1992-11-18,50.73,51.15,50.52,50.83,518400,13.90
1992-11-17,50.52,51.26,50.10,50.73,504300,13.87
1992-11-16,50.94,51.04,50.52,50.83,481700,13.90
1992-11-13,50.31,51.15,50.10,51.15,565900,13.99
1992-11-12,50.10,50.31,49.88,50.10,360800,13.70
1992-11-11,49.57,49.99,49.36,49.88,723800,13.64
1992-11-10,49.67,49.88,49.46,49.57,564400,13.56
1992-11-09,49.57,49.67,48.72,49.36,680000,13.50
1992-11-06,49.67,49.67,49.36,49.46,302400,13.53
1992-11-05,49.67,49.78,49.46,49.78,290400,13.61
1992-11-04,49.57,49.67,49.36,49.46,351400,13.53
1992-11-03,50.62,50.62,49.36,49.46,535200,13.53
1992-11-02,50.41,50.73,50.10,50.62,650400,13.84
1992-10-30,50.20,50.62,49.99,50.62,614400,13.84
1992-10-29,48.94,50.20,48.83,49.88,652800,13.64
1992-10-28,48.30,48.94,48.30,48.83,345600,13.35
1992-10-27,48.51,48.51,47.88,48.41,422900,13.24
1992-10-26,48.94,48.94,48.41,48.72,427300,13.32
1992-10-23,50.20,50.41,48.94,48.94,614000,13.38
1992-10-22,49.67,50.10,49.67,50.10,511800,13.70
1992-10-21,49.15,49.67,48.94,49.67,444000,13.58
1992-10-20,48.94,49.25,48.72,48.94,330200,13.38
1992-10-19,48.30,49.25,48.20,48.94,386900,13.38
1992-10-16,48.83,48.94,47.88,48.51,529700,13.27
1992-10-15,48.09,48.83,48.09,48.83,227300,13.35
1992-10-14,48.51,49.04,48.20,48.30,317600,13.21
1992-10-13,47.99,48.72,47.67,48.51,547500,13.27
1992-10-12,47.67,48.20,47.67,47.99,246500,13.12
1992-10-09,47.99,47.99,47.35,47.46,332800,12.98
1992-10-08,46.72,47.88,46.72,47.67,704000,13.04
1992-10-07,47.46,47.99,46.62,46.72,419500,12.78
1992-10-06,47.35,47.56,47.14,47.56,478000,13.01
1992-10-05,47.78,47.78,46.93,47.78,576900,13.07
1992-10-02,48.72,48.94,48.20,48.20,247800,13.18
1992-10-01,49.15,49.15,48.20,48.94,501900,13.38
1992-09-30,48.83,49.36,48.72,49.04,810300,13.41
1992-09-29,48.62,49.36,48.51,48.83,882800,13.35
1992-09-28,47.88,48.62,47.78,48.62,333600,13.30
1992-09-25,48.62,48.62,47.78,48.09,518500,13.15
1992-09-24,48.51,48.94,48.41,48.51,504100,13.27
1992-09-23,48.51,48.62,48.20,48.62,383600,13.30
1992-09-22,48.94,48.94,48.09,48.41,740600,13.24
1992-09-21,49.15,49.15,48.72,49.04,352000,13.41
1992-09-18,49.15,49.25,48.72,48.94,599600,13.38
1992-09-17,49.15,49.25,48.72,48.94,617200,13.38
1992-09-16,48.09,48.94,47.78,48.62,602700,13.30
1992-09-15,48.51,48.62,47.88,48.09,761900,13.15
1992-09-14,48.72,49.15,48.62,48.72,776400,13.32
1992-09-11,48.41,48.51,48.20,48.30,524700,13.21
1992-09-10,48.30,48.41,47.78,48.41,450500,13.24
1992-09-09,47.99,48.30,47.78,48.30,433900,13.21
1992-09-08,48.20,48.20,47.78,47.78,421000,13.07
1992-09-04,47.99,48.20,47.78,48.09,515500,13.15
1992-09-03,47.99,48.30,47.88,47.99,755800,13.12
1992-09-02,47.56,48.30,47.56,47.88,806300,13.09
1992-09-01,47.35,47.67,47.25,47.67,413300,13.04
1992-08-31,47.14,47.46,47.14,47.14,374600,12.89
1992-08-28,46.40,47.35,46.30,47.04,587800,12.86
1992-08-27,46.62,46.83,45.67,46.30,1027500,12.66
1992-08-26,46.30,46.51,45.98,46.40,834100,12.69
1992-08-25,45.98,46.19,45.56,46.09,472500,12.54
1992-08-24,45.77,46.19,45.67,45.88,482100,12.48
1992-08-21,46.30,46.51,45.35,46.19,492700,12.56
1992-08-20,45.88,46.30,45.46,46.19,605600,12.56
1992-08-19,45.98,46.09,45.67,45.67,417600,12.42
1992-08-18,45.98,46.09,45.77,45.77,268000,12.45
1992-08-17,45.88,46.19,45.77,45.98,482100,12.51
1992-08-14,45.98,46.19,45.88,46.09,568300,12.54
1992-08-13,45.88,46.19,45.56,45.88,285800,12.48
1992-08-12,45.77,45.88,45.35,45.56,419800,12.39
1992-08-11,45.77,45.88,45.14,45.56,675000,12.39
1992-08-10,45.67,46.19,45.67,45.98,349400,12.51
1992-08-07,45.56,46.19,45.46,45.77,525100,12.45
1992-08-06,45.56,46.09,45.35,45.56,677200,12.39
1992-08-05,45.35,45.56,45.25,45.35,355300,12.34
1992-08-04,44.93,45.35,44.62,45.35,404100,12.34
1992-08-03,45.14,45.35,44.72,44.93,304800,12.22
1992-07-31,44.62,45.14,44.51,45.14,525700,12.28
1992-07-30,44.51,44.83,44.41,44.72,688800,12.16
1992-07-29,43.99,44.93,43.88,44.83,854900,12.19
1992-07-28,42.94,44.09,42.83,43.99,330000,11.96
1992-07-27,42.62,44.09,42.62,43.25,408500,11.76
1992-07-24,42.52,43.15,42.52,42.83,339600,11.65
1992-07-23,42.83,42.94,42.52,42.83,412900,11.65
1992-07-22,43.88,43.99,43.25,43.25,509500,11.76
1992-07-21,43.78,44.09,43.57,44.09,213000,11.99
1992-07-20,43.57,43.78,43.25,43.67,539100,11.88
1992-07-17,44.30,44.30,43.25,43.99,512500,11.96
1992-07-16,43.99,44.41,43.99,44.41,388900,12.08
1992-07-15,43.88,44.09,43.88,44.09,567300,11.99
1992-07-14,44.20,44.20,43.78,44.09,556200,11.99
1992-07-13,44.41,44.51,44.09,44.20,283800,12.02
1992-07-10,44.41,44.72,44.20,44.62,448000,12.14
1992-07-09,43.78,44.41,43.67,44.41,907300,12.08
1992-07-08,43.99,44.09,43.36,43.99,426800,11.96
1992-07-07,43.88,44.51,43.67,44.09,916100,11.99
1992-07-06,43.57,43.67,42.83,43.67,676600,11.88
1992-07-02,43.57,44.20,43.04,43.57,629600,11.85
1992-07-01,43.25,43.46,42.62,43.36,915200,11.79
1992-06-30,42.31,43.36,42.20,43.25,928600,11.76
1992-06-29,41.57,42.20,41.57,41.99,426300,11.42
1992-06-26,40.73,41.68,40.73,41.68,689400,11.34
1992-06-25,41.05,41.36,40.94,40.94,379600,11.14
1992-06-24,41.05,41.57,40.94,40.94,480900,11.14
1992-06-23,40.63,41.36,40.52,41.15,821100,11.19
1992-06-22,39.79,40.10,39.58,40.00,573800,10.88
1992-06-19,39.68,40.31,39.68,39.89,583600,10.85
1992-06-18,39.58,39.89,39.26,39.79,717900,10.82
1992-06-17,39.89,39.89,39.37,39.79,577400,10.82
1992-06-16,39.68,40.42,39.68,40.00,766700,10.88
1992-06-15,39.79,39.89,39.58,39.89,751900,10.85
1992-06-12,40.21,40.52,39.79,39.79,623200,10.82
1992-06-11,40.42,40.63,39.79,40.21,406100,10.94
1992-06-10,40.84,40.84,40.31,40.31,445600,10.97
1992-06-09,41.78,41.78,40.63,40.84,515500,11.11
1992-06-08,41.36,41.78,41.26,41.68,412700,11.34
1992-06-05,41.99,42.10,41.15,41.36,618200,11.25
1992-06-04,42.20,42.20,41.68,41.78,333600,11.36
1992-06-03,42.41,42.41,41.99,42.10,484700,11.45
1992-06-02,42.10,42.52,41.99,42.31,589500,11.51
1992-06-01,42.73,42.83,42.20,42.31,567800,11.51
1992-05-29,41.99,42.94,41.89,42.83,1473300,11.65
1992-05-28,40.31,41.68,40.10,41.68,1406500,11.34
1992-05-27,40.00,40.42,39.89,40.31,470500,10.97
1992-05-26,40.94,41.05,39.79,40.00,553700,10.88
1992-05-22,40.11,40.84,40.00,40.73,475500,11.01
1992-05-21,40.63,40.63,40.00,40.21,680000,10.87
1992-05-20,40.11,40.73,39.90,40.63,625200,10.98
1992-05-19,39.79,40.21,39.58,40.21,553500,10.87
1992-05-18,39.58,39.90,39.48,39.58,557900,10.70
1992-05-15,40.11,40.32,39.48,39.48,691800,10.67
1992-05-14,40.42,40.42,39.58,40.21,787400,10.87
1992-05-13,40.32,40.52,40.11,40.32,500500,10.90
1992-05-12,40.21,40.42,39.79,40.11,522100,10.84
1992-05-11,39.79,40.42,39.69,40.00,722500,10.81
1992-05-08,40.00,40.11,39.58,39.90,494500,10.79
1992-05-07,40.32,40.32,39.69,40.00,559200,10.81
1992-05-06,40.84,41.05,39.90,40.21,605800,10.87
1992-05-05,40.63,40.73,40.21,40.52,903300,10.95
1992-05-04,39.58,40.63,39.48,40.42,1369000,10.93
1992-05-01,40.00,40.11,38.96,39.69,1129100,10.73
1992-04-30,40.21,40.32,39.79,40.00,749300,10.81
1992-04-29,40.63,40.63,39.90,40.00,1083700,10.81
1992-04-28,41.46,41.67,39.48,40.52,2044400,10.95
1992-04-27,41.05,41.67,41.05,41.46,705600,11.21
1992-04-24,41.99,41.99,41.15,41.15,830900,11.12
1992-04-23,42.82,43.14,41.36,41.99,792500,11.35
1992-04-22,43.03,43.03,42.61,42.93,387500,11.60
1992-04-21,43.03,43.03,42.30,42.93,580200,11.60
1992-04-20,43.66,43.66,42.40,42.93,997400,11.60
1992-04-16,43.76,43.87,43.34,43.87,476300,11.86
1992-04-15,44.08,44.49,43.14,43.76,746100,11.83
1992-04-14,43.03,43.76,42.93,43.76,776300,11.83
1992-04-13,42.93,43.45,42.82,43.45,449300,11.75
1992-04-10,42.20,43.14,42.20,43.14,701100,11.66
1992-04-09,41.15,42.09,40.94,41.99,607400,11.35
1992-04-08,41.67,41.67,40.63,40.94,989000,11.07
1992-04-07,42.51,42.51,41.78,41.88,516900,11.32
1992-04-06,42.40,42.72,41.99,42.51,622400,11.49
1992-04-03,42.51,42.72,41.99,42.30,465500,11.43
1992-04-02,43.55,43.76,42.20,42.40,522800,11.46
1992-04-01,42.51,43.76,42.30,43.55,593700,11.77
1992-03-31,42.72,43.45,42.61,42.93,355600,11.60
1992-03-30,42.72,43.03,42.61,42.61,591200,11.52
1992-03-27,43.45,43.66,43.03,43.14,346700,11.66
1992-03-26,43.34,43.66,42.93,43.55,454200,11.77
1992-03-25,43.24,43.76,43.03,43.45,576700,11.75
1992-03-24,43.34,43.97,43.34,43.45,625600,11.75
1992-03-23,43.14,43.55,42.82,43.24,454900,11.69
1992-03-20,44.28,44.39,43.14,43.34,1201300,11.72
1992-03-19,45.02,45.02,44.18,44.39,444900,12.00
1992-03-18,44.28,45.02,44.28,44.60,495500,12.06
1992-03-17,43.66,44.08,43.34,44.08,382000,11.91
1992-03-16,43.45,43.66,43.14,43.34,323600,11.72
1992-03-13,43.45,43.66,43.14,43.55,459300,11.77
1992-03-12,43.34,43.55,43.03,43.14,484200,11.66
1992-03-11,43.45,43.55,43.03,43.55,516500,11.77
1992-03-10,42.40,43.87,42.40,43.66,692200,11.80
1992-03-09,42.93,42.93,42.20,42.30,369600,11.43
1992-03-06,43.66,43.66,42.61,42.82,911000,11.58
1992-03-05,43.45,43.76,43.24,43.45,623400,11.75
1992-03-04,44.28,44.28,43.34,43.45,603600,11.75
1992-03-03,44.60,44.70,43.97,44.28,892200,11.97
1992-03-02,44.91,45.33,44.49,44.60,842300,12.06
1992-02-28,44.28,44.81,44.18,44.60,670400,12.06
1992-02-27,44.39,45.02,44.18,44.28,582800,11.97
1992-02-26,44.28,44.70,43.97,44.70,764300,12.08
1992-02-25,43.66,45.02,43.55,44.49,885300,12.03
1992-02-24,42.93,43.87,42.93,43.76,491700,11.76
1992-02-21,42.72,43.66,42.52,42.72,1012600,11.48
1992-02-20,42.00,42.83,42.00,42.52,1068900,11.43
1992-02-19,41.68,42.10,41.37,41.37,664300,11.12
1992-02-18,42.72,43.04,41.16,41.68,742000,11.20
1992-02-14,43.24,43.35,42.52,42.93,483500,11.54
1992-02-13,44.59,44.59,42.93,43.55,639100,11.71
1992-02-12,43.66,44.70,43.04,44.59,514300,11.99
1992-02-11,43.45,43.66,43.04,43.66,455900,11.73
1992-02-10,43.24,43.66,42.93,43.45,534800,11.68
1992-02-07,43.76,43.97,43.04,43.24,628000,11.62
1992-02-06,43.87,44.28,43.45,43.87,577100,11.79
1992-02-05,43.45,43.97,43.14,43.76,1106700,11.76
1992-02-04,43.76,43.97,43.24,43.35,1347200,11.65
1992-02-03,44.49,44.70,43.66,43.87,524100,11.79
1992-01-31,44.07,44.91,44.07,44.70,566500,12.01
1992-01-30,43.45,44.49,43.04,43.97,780100,11.82
1992-01-29,44.49,45.11,43.04,43.24,1007400,11.62
1992-01-28,45.22,45.32,44.49,44.49,602700,11.96
1992-01-27,45.01,45.43,44.59,45.22,721700,12.15
1992-01-24,44.49,45.53,44.49,45.11,651800,12.13
1992-01-23,44.91,45.32,44.28,44.49,728000,11.96
1992-01-22,42.52,44.70,42.52,44.39,1017600,11.93
1992-01-21,42.41,42.93,42.20,42.52,738900,11.43
1992-01-20,43.14,43.14,42.10,42.41,512300,11.40
1992-01-17,43.24,43.66,42.62,42.93,1048300,11.54
1992-01-16,42.93,43.14,40.75,42.93,1697600,11.54
1992-01-15,44.28,44.49,42.93,43.24,1199300,11.62
1992-01-14,44.28,44.49,43.97,44.49,1022200,11.96
1992-01-13,44.91,45.11,43.97,44.39,944400,11.93
1992-01-10,44.80,45.11,44.28,45.11,1128300,12.13
1992-01-09,45.74,45.95,45.11,45.32,1138700,12.18
1992-01-08,44.49,45.84,44.49,45.74,968800,12.29
1992-01-07,45.32,45.32,43.87,44.80,1733300,12.04
1992-01-06,45.95,45.95,44.80,45.53,1551700,12.24
1992-01-03,46.05,46.47,45.32,46.36,1038600,12.46
1992-01-02,47.40,47.40,45.74,46.36,1546600,12.46
1991-12-31,47.71,48.34,47.19,48.13,757700,12.94
1991-12-30,47.09,47.92,46.78,47.92,703200,12.88
1991-12-27,46.57,47.19,46.47,47.19,359700,12.68
1991-12-26,45.63,46.47,45.43,46.47,274300,12.49
1991-12-24,45.32,45.74,45.11,45.63,662800,12.27
1991-12-23,45.01,45.53,44.80,45.22,935800,12.15
1991-12-20,45.22,45.22,44.49,44.80,1683400,12.04
1991-12-19,43.87,44.18,43.66,44.07,723700,11.85
1991-12-18,44.07,44.28,43.66,44.07,812100,11.85
1991-12-17,41.48,43.35,41.48,43.04,1148700,11.57
1991-12-16,41.27,41.89,41.27,41.79,680600,11.23
1991-12-13,41.58,41.79,41.27,41.37,930200,11.12
1991-12-12,41.58,42.00,41.27,41.37,597800,11.12
1991-12-11,41.58,41.79,41.06,41.58,617600,11.18
1991-12-10,41.37,41.58,41.16,41.37,521300,11.12
1991-12-09,41.79,42.00,41.37,41.58,1044000,11.18
1991-12-06,41.58,41.89,41.37,41.68,750600,11.20
1991-12-05,41.89,42.00,41.16,41.68,1007600,11.20
1991-12-04,43.24,43.35,41.58,42.41,2147500,11.40
1991-12-03,41.79,43.87,41.68,43.87,956000,11.79
1991-12-02,40.54,42.10,40.23,41.89,676400,11.26
1991-11-29,41.16,41.37,40.85,40.96,288800,11.01
1991-11-27,40.54,40.96,40.23,40.96,816300,11.01
1991-11-26,40.64,41.16,39.81,40.23,799100,10.81
1991-11-25,40.75,40.75,39.81,40.44,894300,10.87
1991-11-22,40.96,41.38,39.83,40.96,937000,10.88
1991-11-21,38.91,40.76,38.80,40.66,683600,10.80
1991-11-20,39.52,39.73,38.39,39.11,660400,10.39
1991-11-19,39.83,39.83,39.11,39.32,935100,10.44
1991-11-18,39.52,40.24,39.11,40.04,1051700,10.63
1991-11-15,40.86,40.96,39.52,39.52,718400,10.50
1991-11-14,40.55,41.17,40.45,40.96,736200,10.88
1991-11-13,40.04,40.35,39.83,40.24,670400,10.69
1991-11-12,39.11,40.35,39.11,40.24,801900,10.69
1991-11-11,38.60,39.01,38.39,39.01,357300,10.36
1991-11-08,38.91,39.11,38.29,38.39,618800,10.20
1991-11-07,38.49,38.91,38.19,38.70,879000,10.28
1991-11-06,37.16,37.98,36.95,37.98,584000,10.09
1991-11-05,37.16,37.36,36.74,36.95,917600,9.81
1991-11-04,36.85,36.95,36.13,36.85,832700,9.79
1991-11-01,36.54,36.95,36.02,36.54,678200,9.70
1991-10-31,35.92,36.54,35.72,36.33,688400,9.65
1991-10-30,35.41,36.13,34.99,36.13,1069900,9.59
1991-10-29,35.20,35.72,34.79,35.41,552800,9.40
1991-10-28,34.58,35.41,34.58,35.20,497100,9.35
1991-10-25,34.79,34.79,34.07,34.38,416400,9.13
1991-10-24,34.27,34.89,34.27,34.69,545800,9.21
1991-10-23,34.48,34.58,33.97,34.17,666800,9.07
1991-10-22,33.97,34.58,33.97,34.27,811900,9.10
1991-10-21,35.41,35.41,33.97,34.07,966800,9.05
1991-10-18,35.92,36.02,35.20,35.30,939500,9.38
1991-10-17,35.82,36.13,35.82,35.92,557200,9.54
1991-10-16,36.02,36.13,35.72,35.92,613000,9.54
1991-10-15,36.33,36.44,35.92,36.13,789100,9.59
1991-10-14,36.54,36.74,36.13,36.23,411900,9.62
1991-10-11,36.95,36.95,36.33,36.64,669000,9.73
1991-10-10,36.33,36.74,35.92,36.64,497100,9.73
1991-10-09,36.74,36.74,36.33,36.33,419300,9.65
1991-10-08,36.54,36.74,36.44,36.64,704000,9.73
1991-10-07,36.44,36.64,36.33,36.64,560700,9.73
1991-10-04,36.95,37.05,36.33,36.33,646000,9.65
1991-10-03,36.64,37.36,36.44,37.05,550800,9.84
1991-10-02,37.05,37.26,36.64,36.74,233000,9.76
1991-10-01,36.95,37.36,36.74,37.05,505100,9.84
1991-09-30,36.85,36.95,36.54,36.95,467900,9.81
1991-09-27,36.64,36.95,36.44,36.74,534900,9.76
1991-09-26,37.05,37.05,36.44,36.54,519700,9.70
1991-09-25,36.44,36.95,36.23,36.85,518500,9.79
1991-09-24,35.61,36.13,35.20,36.02,701400,9.57
1991-09-23,35.92,36.02,35.51,35.61,630400,9.46
1991-09-20,36.44,36.44,35.72,36.02,953000,9.57
1991-09-19,35.82,36.44,35.72,36.02,430100,9.57
1991-09-18,35.82,36.23,35.51,35.92,303600,9.54
1991-09-17,35.72,36.02,35.61,35.92,379800,9.54
1991-09-16,35.20,35.72,34.89,35.72,563900,9.48
1991-09-13,35.72,35.92,35.10,35.20,726300,9.35
1991-09-12,34.99,35.92,34.89,35.72,1091900,9.48
1991-09-11,35.10,35.20,34.69,34.89,455700,9.27
1991-09-10,35.10,35.20,34.69,34.79,688100,9.24
1991-09-09,35.10,35.20,34.89,35.10,297200,9.32
1991-09-06,35.82,36.13,35.10,35.10,741300,9.32
1991-09-05,36.44,36.64,35.41,35.51,672900,9.43
1991-09-04,37.05,37.05,36.02,36.44,366800,9.68
1991-09-03,37.46,37.57,36.85,36.85,711700,9.79
1991-08-30,37.16,37.36,36.54,37.36,455000,9.92
1991-08-29,37.46,37.67,36.95,37.26,703100,9.89
1991-08-28,36.85,37.46,36.44,37.26,893900,9.89
1991-08-27,36.74,37.16,36.54,36.74,615200,9.76
1991-08-26,36.96,37.27,36.76,36.86,379600,9.73
1991-08-23,36.86,37.47,36.76,37.17,592200,9.81
1991-08-22,36.86,37.27,36.86,36.96,440900,9.75
1991-08-21,36.35,36.96,36.04,36.86,960000,9.73
1991-08-20,35.22,36.25,35.12,35.73,971700,9.43
1991-08-19,33.99,35.12,33.48,34.81,926000,9.19
1991-08-16,36.14,36.25,34.81,35.43,835100,9.35
1991-08-15,35.84,36.04,35.63,35.94,639400,9.48
1991-08-14,35.22,35.73,34.91,35.73,1008200,9.43
1991-08-13,34.81,35.22,34.71,34.91,695200,9.21
1991-08-12,34.61,34.71,34.30,34.61,397200,9.13
1991-08-09,35.22,35.63,34.40,34.71,2041200,9.16
1991-08-08,36.25,36.25,35.02,35.02,681500,9.24
1991-08-07,35.94,36.25,35.84,36.14,845000,9.54
1991-08-06,35.43,35.84,35.32,35.73,576200,9.43
1991-08-05,35.53,35.63,35.22,35.53,457500,9.37
1991-08-02,35.53,35.73,35.43,35.43,649400,9.35
1991-08-01,35.32,35.53,35.12,35.32,484900,9.32
1991-07-31,35.22,35.53,35.02,35.43,522300,9.35
1991-07-30,34.40,35.43,34.40,35.12,863300,9.27
1991-07-29,33.89,34.30,33.69,34.20,450500,9.02
1991-07-26,34.10,34.40,33.89,33.89,287400,8.94
1991-07-25,33.79,34.20,33.58,34.20,330800,9.02
1991-07-24,33.58,33.79,33.28,33.69,380000,8.89
1991-07-23,33.89,33.99,33.38,33.58,905900,8.86
1991-07-22,33.79,34.10,33.58,33.89,235000,8.94
1991-07-19,34.10,34.30,33.79,33.99,636600,8.97
1991-07-18,33.69,34.30,33.69,34.10,423400,9.00
1991-07-17,33.89,34.10,33.69,33.69,429200,8.89
1991-07-16,34.10,34.20,33.69,33.79,603200,8.92
1991-07-15,33.89,34.40,33.58,34.10,357400,9.00
1991-07-12,33.48,33.99,33.17,33.89,539800,8.94
1991-07-11,33.79,33.89,32.97,33.28,844600,8.78
1991-07-10,35.02,35.32,33.28,33.58,1184500,8.86
1991-07-09,35.43,35.63,34.61,35.02,1097700,9.24
1991-07-08,33.38,35.22,33.28,34.40,1063200,9.08
1991-07-05,33.58,33.99,33.58,33.58,182500,8.86
1991-07-03,33.79,33.89,33.48,33.69,1051200,8.89
1991-07-02,33.58,34.10,33.38,34.10,1376700,9.00
1991-07-01,33.28,34.20,33.17,33.79,1094000,8.92
1991-06-28,32.66,33.07,31.84,33.07,685200,8.73
1991-06-27,32.35,32.87,32.25,32.87,576200,8.67
1991-06-26,32.25,32.35,31.94,32.35,1006000,8.54
1991-06-25,32.35,32.46,32.15,32.35,608200,8.54
1991-06-24,32.46,32.46,32.05,32.15,496900,8.48
1991-06-21,31.84,32.56,31.84,32.56,882500,8.59
1991-06-20,32.15,32.25,31.84,31.94,575000,8.43
1991-06-19,32.25,32.46,32.05,32.35,456700,8.54
1991-06-18,32.25,32.56,31.54,32.46,650600,8.56
1991-06-17,32.46,32.56,32.15,32.35,485300,8.54
1991-06-14,32.05,32.56,31.94,32.56,667400,8.59
1991-06-13,31.43,31.54,31.23,31.54,358600,8.32
1991-06-12,31.43,31.43,31.02,31.23,377600,8.24
1991-06-11,31.23,31.54,31.23,31.43,360000,8.29
1991-06-10,31.02,31.33,31.02,31.23,298600,8.24
1991-06-07,31.33,31.54,30.82,30.82,480300,8.13
1991-06-06,31.84,31.94,31.64,31.74,320800,8.38
1991-06-05,32.35,32.35,31.54,31.84,659400,8.40
1991-06-04,32.25,32.66,31.84,32.25,838300,8.51
1991-06-03,33.17,33.38,32.15,32.15,846100,8.48
1991-05-31,32.97,33.48,32.25,33.07,512300,8.73
1991-05-30,32.46,33.07,32.25,32.87,957600,8.67
1991-05-29,32.05,32.35,31.84,32.25,1272600,8.51
1991-05-28,31.94,32.35,31.84,31.94,524700,8.43
1991-05-24,31.45,31.85,31.35,31.85,583000,8.34
1991-05-23,30.84,31.55,30.84,31.24,875300,8.18
1991-05-22,31.14,31.14,30.63,30.94,390600,8.10
1991-05-21,30.84,31.55,30.84,31.14,491700,8.16
1991-05-20,30.94,31.04,30.74,30.84,481700,8.08
1991-05-17,30.94,31.24,30.53,30.84,919200,8.08
1991-05-16,31.35,31.45,30.74,31.04,420100,8.13
1991-05-15,31.24,31.35,30.94,31.14,441500,8.16
1991-05-14,31.35,31.35,30.63,31.04,702900,8.13
1991-05-13,31.24,31.45,31.04,31.24,532500,8.18
1991-05-10,32.16,32.26,30.94,30.94,386900,8.10
1991-05-09,31.75,32.06,31.55,31.85,472900,8.34
1991-05-08,31.55,31.75,31.35,31.65,460100,8.29
1991-05-07,31.85,31.96,31.55,31.65,358800,8.29
1991-05-06,31.75,32.06,31.65,31.96,587000,8.37
1991-05-03,31.65,32.06,31.55,31.96,606600,8.37
1991-05-02,32.06,32.36,31.65,31.65,778400,8.29
1991-05-01,31.85,32.16,31.75,31.96,638000,8.37
1991-04-30,31.65,32.16,31.65,31.75,1028800,8.32
1991-04-29,31.85,32.26,31.55,31.55,797900,8.26
1991-04-26,30.84,31.96,30.74,31.85,1164500,8.34
1991-04-25,31.96,31.96,30.53,30.63,865600,8.02
1991-04-24,32.16,32.26,31.65,32.16,527500,8.42
1991-04-23,32.16,32.36,31.85,31.96,706000,8.37
1991-04-22,31.24,32.26,31.24,32.06,710200,8.40
1991-04-19,31.65,31.75,31.04,31.35,925000,8.21
1991-04-18,31.75,32.67,31.65,31.75,1123500,8.32
1991-04-17,32.57,32.77,32.06,32.67,647300,8.56
1991-04-16,32.16,32.67,31.85,32.67,672400,8.56
1991-04-15,32.47,32.47,31.85,32.36,425100,8.48
1991-04-12,31.96,32.47,31.85,32.47,490900,8.50
1991-04-11,32.16,32.26,31.55,31.55,1077000,8.26
1991-04-10,32.16,32.36,31.55,31.85,762000,8.34
1991-04-09,32.67,32.67,31.85,32.16,631800,8.42
1991-04-08,32.77,32.97,32.36,32.97,564900,8.64
1991-04-05,33.89,33.99,32.97,32.97,724800,8.64
1991-04-04,33.38,33.79,33.18,33.58,767100,8.80
1991-04-03,33.28,33.48,32.67,33.28,714800,8.72
1991-04-02,32.36,33.08,32.36,32.97,786300,8.64
1991-04-01,32.36,32.47,31.55,32.06,550800,8.40
1991-03-28,32.36,32.97,32.26,32.26,654400,8.45
1991-03-27,32.77,33.18,32.36,32.57,566100,8.53
1991-03-26,32.06,32.87,32.06,32.87,1101000,8.61
1991-03-25,31.96,32.47,31.85,32.26,788700,8.45
1991-03-22,32.16,32.26,31.65,31.75,1397000,8.32
1991-03-21,31.75,32.36,31.75,31.96,1051700,8.37
1991-03-20,30.63,31.96,30.53,31.45,1045900,8.24
1991-03-19,30.53,30.74,30.02,30.53,666000,8.00
1991-03-18,30.33,30.84,30.23,30.74,423400,8.05
1991-03-15,30.94,30.94,30.12,30.63,1330200,8.02
1991-03-14,30.94,31.24,30.23,30.33,751000,7.94
1991-03-13,30.74,31.14,30.43,30.63,1068600,8.02
1991-03-12,30.63,31.14,30.43,30.63,1071700,8.02
1991-03-11,30.02,30.53,29.92,30.33,671600,7.94
1991-03-08,29.82,30.33,29.72,30.12,689700,7.89
1991-03-07,29.82,30.12,29.51,29.72,688800,7.78
1991-03-06,30.23,30.23,29.72,29.82,1283600,7.81
1991-03-05,28.80,29.62,28.50,29.51,1533600,7.73
1991-03-04,29.11,29.21,28.90,29.01,1126700,7.60
1991-03-01,27.99,28.50,27.99,28.50,924700,7.46
1991-02-28,28.39,28.39,27.99,27.99,429500,7.33
1991-02-27,28.09,28.29,27.99,28.19,429900,7.38
1991-02-26,28.39,28.39,27.89,28.09,586400,7.36
1991-02-25,28.70,29.01,28.09,28.50,879700,7.46
1991-02-22,28.00,28.91,27.90,28.31,659800,7.35
1991-02-21,27.70,28.31,27.70,28.10,511900,7.30
1991-02-20,28.31,28.31,27.60,27.80,552000,7.22
1991-02-19,28.31,28.31,28.00,28.31,778300,7.35
1991-02-15,28.00,28.20,27.80,28.20,923600,7.33
1991-02-14,27.90,28.10,27.50,27.70,693200,7.19
1991-02-13,28.10,28.31,27.80,28.00,831100,7.27
1991-02-12,28.31,28.71,27.90,28.20,1312200,7.33
1991-02-11,27.90,28.61,27.80,28.51,1299600,7.40
1991-02-08,27.70,28.10,27.70,27.90,879300,7.25
1991-02-07,28.00,28.31,27.80,28.00,1338800,7.27
1991-02-06,27.09,28.31,26.89,28.31,1991800,7.35
1991-02-05,26.89,27.40,26.59,27.19,1662400,7.06
1991-02-04,27.29,27.40,26.89,26.99,703600,7.01
1991-02-01,27.40,27.40,26.69,27.09,1161100,7.04
1991-01-31,26.59,27.50,26.59,27.29,1369200,7.09
1991-01-30,26.49,26.99,26.38,26.59,2616200,6.91
1991-01-29,26.49,26.69,26.38,26.49,680600,6.88
1991-01-28,26.49,26.69,26.18,26.49,555500,6.88
1991-01-25,27.50,27.60,26.49,26.59,891000,6.91
1991-01-24,26.79,27.40,26.79,27.29,928000,7.09
1991-01-23,26.49,26.99,26.49,26.79,902900,6.96
1991-01-22,26.28,26.79,26.08,26.38,661400,6.85
1991-01-21,26.28,26.79,25.98,26.59,883600,6.91
1991-01-18,25.58,26.59,25.47,26.49,1043000,6.88
1991-01-17,26.08,26.18,25.58,25.68,1825100,6.67
1991-01-16,24.56,25.17,24.46,24.97,854500,6.49
1991-01-15,24.16,24.46,24.06,24.46,551700,6.35
1991-01-14,24.46,24.56,24.16,24.46,704500,6.35
1991-01-11,24.67,24.87,24.46,24.67,582400,6.41
1991-01-10,24.36,24.77,24.26,24.56,594600,6.38
1991-01-09,24.56,24.97,23.96,24.26,749500,6.30
1991-01-08,24.46,24.46,24.26,24.36,854100,6.33
1991-01-07,24.26,24.46,24.06,24.36,828500,6.33
1991-01-04,24.77,24.87,24.36,24.56,657200,6.38
1991-01-03,25.47,25.47,24.87,24.97,1369000,6.49
1991-01-02,25.68,25.68,25.27,25.37,880100,6.59
1990-12-31,25.68,25.78,25.37,25.68,319600,6.67
1990-12-28,25.88,26.18,25.58,25.88,596500,6.72
1990-12-27,26.18,26.28,25.88,26.08,297600,6.77
1990-12-26,26.49,26.69,26.18,26.28,462800,6.83
1990-12-24,25.98,26.38,25.88,26.38,197500,6.85
1990-12-21,26.18,26.28,25.88,26.18,1372200,6.80
1990-12-20,25.68,25.88,25.47,25.88,1117800,6.72
1990-12-19,25.78,26.18,25.68,25.98,941200,6.75
1990-12-18,26.28,26.49,25.68,25.98,1200300,6.75
1990-12-17,26.28,26.79,26.08,26.49,1267900,6.88
1990-12-14,26.49,26.59,26.08,26.59,1086200,6.91
1990-12-13,26.38,26.49,26.08,26.28,584100,6.83
1990-12-12,25.98,26.38,25.68,26.38,1219100,6.85
1990-12-11,25.78,26.28,25.47,26.08,668200,6.77
1990-12-10,25.78,26.18,25.58,25.88,628100,6.72
1990-12-07,25.47,25.88,25.47,25.88,644000,6.72
1990-12-06,26.28,26.38,25.37,25.58,1490700,6.64
1990-12-05,25.68,26.28,25.58,25.88,1160900,6.72
1990-12-04,25.27,25.68,25.07,25.68,986200,6.67
1990-12-03,24.67,25.37,24.56,25.27,1315200,6.56
1990-11-30,24.56,24.77,24.36,24.36,975400,6.33
1990-11-29,24.36,24.56,24.16,24.46,1288200,6.35
1990-11-28,24.26,24.67,24.06,24.56,1503700,6.38
1990-11-27,24.26,24.67,23.76,24.06,2197200,6.25
1990-11-26,23.67,24.48,23.47,24.37,1201500,6.27
1990-11-23,23.57,24.17,23.47,23.97,356200,6.17
1990-11-21,23.77,23.97,23.37,23.57,1439500,6.06
1990-11-20,23.97,24.17,23.87,24.07,788700,6.19
1990-11-19,24.07,24.17,23.97,24.17,1103000,6.22
1990-11-16,23.97,24.17,23.87,23.97,839100,6.17
1990-11-15,23.97,24.27,23.77,23.87,2251000,6.14
1990-11-14,24.07,24.37,24.07,24.07,992600,6.19
1990-11-13,24.17,24.27,24.07,24.17,1156500,6.22
1990-11-12,24.48,24.88,24.27,24.37,1103900,6.27
1990-11-09,23.87,24.58,23.87,24.48,991600,6.30
1990-11-08,23.77,23.97,23.67,23.87,852300,6.14
1990-11-07,23.77,23.97,23.67,23.77,1106500,6.12
1990-11-06,23.57,24.27,23.47,23.87,2143900,6.14
1990-11-05,23.17,23.57,22.97,23.37,502500,6.01
1990-11-02,23.17,23.27,22.97,23.17,320200,5.96
1990-11-01,23.07,23.47,22.67,23.37,811700,6.01
1990-10-31,22.87,23.17,22.77,23.07,593700,5.93
1990-10-30,22.97,23.17,22.57,22.97,694000,5.91
1990-10-29,23.17,23.27,22.77,22.77,706000,5.86
1990-10-26,23.07,23.17,22.77,23.07,833700,5.93
1990-10-25,23.17,23.47,22.97,23.27,2092500,5.99
1990-10-24,22.87,23.37,22.87,23.37,1276500,6.01
1990-10-23,22.47,23.07,22.37,22.77,853200,5.86
1990-10-22,21.97,22.57,21.87,22.47,1390700,5.78
1990-10-19,22.17,22.57,21.97,22.17,1536500,5.70
1990-10-18,21.37,21.87,21.27,21.87,754500,5.63
1990-10-17,21.27,21.77,21.27,21.37,530300,5.50
1990-10-16,21.87,22.07,21.16,21.37,694300,5.50
1990-10-15,21.27,22.07,21.16,21.77,852700,5.60
1990-10-12,20.86,21.47,20.66,21.27,1050700,5.47
1990-10-11,21.16,21.16,20.56,20.66,861900,5.32
1990-10-10,21.27,21.37,20.86,20.96,1087500,5.39
1990-10-09,21.06,21.67,20.96,21.16,1922600,5.44
1990-10-08,21.27,21.77,21.27,21.57,432700,5.55
1990-10-05,20.76,21.37,20.66,21.16,909900,5.44
1990-10-04,20.66,21.27,20.56,21.27,657000,5.47
1990-10-03,20.76,21.06,20.56,20.86,602300,5.37
1990-10-02,21.06,21.27,20.66,20.66,988600,5.32
1990-10-01,20.86,21.16,20.36,21.06,1964200,5.42
1990-09-28,19.76,20.86,19.66,20.86,1057100,5.37
1990-09-27,20.96,21.06,19.96,20.16,1170500,5.19
1990-09-26,20.46,20.66,20.06,20.66,889800,5.32
1990-09-25,20.16,20.66,20.06,20.66,955600,5.32
1990-09-24,20.66,20.76,19.86,20.36,988700,5.24
1990-09-21,20.86,21.16,20.66,20.96,855900,5.39
1990-09-20,21.27,21.47,20.76,21.27,1035900,5.47
1990-09-19,21.27,21.57,21.06,21.47,681600,5.52
1990-09-18,20.76,21.16,20.56,21.16,522800,5.44
1990-09-17,20.36,21.06,20.36,20.76,629200,5.34
1990-09-14,20.56,20.66,20.26,20.46,680800,5.26
1990-09-13,21.06,21.16,20.56,20.66,917200,5.32
1990-09-12,21.47,21.57,20.96,20.96,745200,5.39
1990-09-11,21.27,21.47,21.06,21.37,942800,5.50
1990-09-10,21.57,21.77,20.86,21.47,710700,5.52
1990-09-07,20.56,21.57,20.56,21.16,1356200,5.44
1990-09-06,20.76,20.86,20.56,20.66,551500,5.32
1990-09-05,20.86,21.16,20.66,21.06,450200,5.42
1990-09-04,20.36,20.86,20.16,20.86,651200,5.37
1990-08-31,20.46,20.66,20.26,20.66,419300,5.32
1990-08-30,20.96,21.06,20.26,20.46,806100,5.26
1990-08-29,20.66,20.96,20.56,20.86,1326800,5.37
1990-08-28,20.96,21.06,20.56,20.76,573400,5.34
1990-08-27,21.10,21.30,20.90,21.10,927200,5.37
1990-08-24,19.60,20.20,19.50,20.10,1071700,5.12
1990-08-23,19.80,19.90,19.21,19.60,1824300,4.99
1990-08-22,20.90,20.90,20.20,20.40,631000,5.20
1990-08-21,20.70,20.80,20.10,20.60,1448600,5.25
1990-08-20,20.90,21.30,20.70,20.90,649600,5.32
1990-08-17,20.90,21.00,20.40,20.90,1138700,5.32
1990-08-16,21.79,21.79,21.20,21.20,599400,5.40
1990-08-15,21.79,22.09,21.69,21.99,1041000,5.60
1990-08-14,21.59,21.99,21.40,21.89,839300,5.58
1990-08-13,21.00,21.59,21.00,21.49,570700,5.47
1990-08-10,22.09,22.19,21.20,21.40,1066900,5.45
1990-08-09,21.69,22.29,21.30,22.09,2216800,5.63
1990-08-08,20.70,21.40,20.60,21.20,1407500,5.40
1990-08-07,20.60,21.00,20.50,20.80,1268600,5.30
1990-08-06,20.50,20.60,19.80,20.40,1830400,5.20
1990-08-03,21.59,21.59,20.70,21.10,1948400,5.37
1990-08-02,21.89,22.19,21.79,21.89,1122700,5.58
1990-08-01,22.09,22.29,21.99,22.29,1127900,5.68
1990-07-31,22.89,22.89,21.99,22.29,1555700,5.68
1990-07-30,22.79,22.79,22.39,22.79,537300,5.80
1990-07-27,22.99,22.99,22.39,22.69,885300,5.78
1990-07-26,22.99,23.09,22.69,22.89,1031100,5.83
1990-07-25,22.79,23.19,22.49,23.09,1009800,5.88
1990-07-24,23.29,23.39,22.59,22.79,1102300,5.80
1990-07-23,23.39,23.48,22.89,23.09,1704600,5.88
1990-07-20,23.29,23.78,23.19,23.48,1236200,5.98
1990-07-19,22.69,23.19,22.69,23.19,898600,5.91
1990-07-18,23.09,23.29,22.49,22.79,1270300,5.80
1990-07-17,23.78,23.88,23.09,23.39,1069300,5.96
1990-07-16,23.68,23.98,23.58,23.68,1199700,6.03
1990-07-13,23.19,23.78,23.09,23.48,1964600,5.98
1990-07-12,22.79,23.29,22.69,23.29,1703300,5.93
1990-07-11,22.79,23.09,22.59,22.79,1808500,5.80
1990-07-10,23.48,23.48,22.99,23.09,1503100,5.88
1990-07-09,23.09,23.39,22.99,23.39,1336600,5.96
1990-07-06,22.59,23.19,22.49,23.09,955400,5.88
1990-07-05,22.99,22.99,22.69,22.69,834500,5.78
1990-07-03,23.19,23.39,22.89,23.09,991400,5.88
1990-07-02,23.09,23.29,22.89,23.19,632800,5.91
1990-06-29,23.19,23.39,23.09,23.19,1754700,5.91
1990-06-28,23.09,23.39,22.79,23.19,1663800,5.91
1990-06-27,22.79,23.09,22.49,22.99,1137100,5.85
1990-06-26,23.09,23.29,22.69,22.89,1203500,5.83
1990-06-25,23.19,23.29,22.99,22.99,1034600,5.85
1990-06-22,23.58,23.78,23.09,23.09,1805700,5.88
1990-06-21,23.39,23.58,23.29,23.58,2069500,6.01
1990-06-20,23.29,23.39,23.19,23.39,1285100,5.96
1990-06-19,23.29,23.39,23.29,23.39,715200,5.96
1990-06-18,23.68,23.78,23.19,23.29,967200,5.93
1990-06-15,23.98,23.98,23.68,23.98,1277200,6.11
1990-06-14,23.98,23.98,23.78,23.98,645600,6.11
1990-06-13,24.18,24.38,23.88,23.88,1237900,6.08
1990-06-12,23.78,24.58,23.58,24.28,1727600,6.18
1990-06-11,23.39,24.08,23.39,23.88,880800,6.08
1990-06-08,23.39,23.68,23.19,23.58,1426100,6.01
1990-06-07,24.08,24.18,23.29,23.39,1323400,5.96
1990-06-06,23.48,23.88,23.48,23.88,1145300,6.08
1990-06-05,24.08,24.28,23.68,23.78,1402900,6.06
1990-06-04,23.68,23.98,23.58,23.98,1041000,6.11
1990-06-01,23.78,24.08,23.58,23.88,796100,6.08
1990-05-31,23.39,23.88,23.29,23.68,1417300,6.03
1990-05-30,24.08,24.08,23.48,23.48,1188900,5.98
1990-05-29,23.09,24.08,23.09,23.98,1586800,6.11
1990-05-25,23.29,23.68,22.89,23.29,629800,5.93
1990-05-24,23.42,23.71,23.32,23.52,1366300,5.94
1990-05-23,23.12,23.52,23.02,23.42,1442700,5.91
1990-05-22,22.53,23.22,22.53,23.22,2102300,5.86
1990-05-21,22.33,22.83,22.13,22.33,2675600,5.64
1990-05-18,22.33,22.33,21.94,22.23,1365400,5.61
1990-05-17,22.92,22.92,21.94,22.33,1955000,5.64
1990-05-16,23.02,23.12,22.73,22.92,1647400,5.79
1990-05-15,22.43,23.32,22.33,23.02,2585000,5.81
1990-05-14,21.94,22.63,21.74,22.33,2408700,5.64
1990-05-11,21.94,21.94,21.54,21.84,1931200,5.51
1990-05-10,21.34,21.74,21.15,21.64,1607800,5.46
1990-05-09,21.54,21.64,21.24,21.34,2206700,5.39
1990-05-08,22.03,22.03,21.34,21.64,4017900,5.46
1990-05-07,22.03,22.13,21.74,22.03,1601400,5.56
1990-05-04,21.74,22.13,21.64,22.03,1177900,5.56
1990-05-03,21.64,21.94,21.54,21.64,820500,5.46
1990-05-02,21.34,21.64,21.15,21.44,1338000,5.41
1990-05-01,21.34,21.54,20.55,21.24,2489400,5.36
1990-04-30,21.54,21.74,21.05,21.34,1605400,5.39
1990-04-27,22.43,22.43,21.54,21.74,1572900,5.49
1990-04-26,22.92,23.02,22.43,22.63,3638000,5.71
1990-04-25,23.22,23.42,23.12,23.32,911200,5.89
1990-04-24,22.92,23.12,22.83,23.02,497500,5.81
1990-04-23,23.02,23.22,22.83,22.92,593900,5.79
1990-04-20,23.22,23.52,23.22,23.22,592300,5.86
1990-04-19,23.32,23.62,23.12,23.22,764300,5.86
1990-04-18,24.31,24.31,23.42,23.62,918300,5.96
1990-04-17,23.52,24.31,23.32,24.11,784700,6.09
1990-04-16,24.11,24.41,23.52,23.71,645800,5.99
1990-04-12,23.71,24.11,23.71,24.11,640000,6.09
1990-04-11,23.71,24.01,23.52,23.91,980300,6.04
1990-04-10,22.92,23.91,22.83,23.91,955400,6.04
1990-04-09,23.22,23.22,22.92,23.22,735100,5.86
1990-04-06,23.32,23.32,22.83,23.22,680400,5.86
1990-04-05,23.32,23.62,22.92,23.22,583000,5.86
1990-04-04,23.62,23.62,22.92,23.22,1148700,5.86
1990-04-03,22.63,23.62,22.63,23.42,991000,5.91
1990-04-02,22.53,22.83,22.43,22.63,454600,5.71
1990-03-30,22.73,22.83,22.33,22.83,484500,5.76
1990-03-29,22.53,22.73,22.33,22.63,602200,5.71
1990-03-28,22.33,22.43,22.13,22.33,1020100,5.64
1990-03-27,22.23,22.33,21.74,22.33,1092300,5.64
1990-03-26,22.13,22.53,22.13,22.23,609000,5.61
1990-03-23,22.53,22.53,22.23,22.33,651000,5.64
1990-03-22,22.73,22.73,22.13,22.53,764700,5.69
1990-03-21,23.02,23.22,22.73,22.83,1054900,5.76
1990-03-20,23.12,23.42,22.92,23.02,668200,5.81
1990-03-19,22.92,23.32,22.83,23.32,886900,5.89
1990-03-16,23.22,23.42,23.02,23.22,1023200,5.86
1990-03-15,22.83,22.92,22.73,22.92,449800,5.79
1990-03-14,22.73,22.92,22.63,22.83,564800,5.76
1990-03-13,22.83,22.83,22.53,22.53,664500,5.69
1990-03-12,22.63,22.83,22.53,22.83,605400,5.76
1990-03-09,22.73,22.73,22.53,22.73,705300,5.74
1990-03-08,22.63,22.92,22.43,22.73,598500,5.74
1990-03-07,21.84,22.63,21.74,22.53,1345200,5.69
1990-03-06,21.44,21.94,21.24,21.84,767300,5.51
1990-03-05,21.54,21.74,21.24,21.34,628100,5.39
1990-03-02,21.64,21.94,21.34,21.54,552000,5.44
1990-03-01,21.94,22.13,21.54,21.74,942800,5.49
1990-02-28,21.84,22.13,21.74,22.03,719000,5.56
1990-02-27,21.34,21.84,21.34,21.64,782900,5.46
1990-02-26,20.75,21.44,20.65,21.44,728400,5.41
1990-02-23,20.85,21.24,20.75,20.95,427100,5.29
1990-02-22,20.69,21.57,20.59,20.98,1058300,5.24
1990-02-21,20.59,20.78,20.39,20.59,886900,5.14
1990-02-20,20.98,21.18,20.49,21.08,599200,5.27
1990-02-16,21.47,21.67,21.08,21.18,721700,5.29
1990-02-15,21.08,21.37,20.98,21.27,715600,5.32
1990-02-14,21.47,21.47,21.08,21.37,548600,5.34
1990-02-13,21.57,21.67,21.27,21.47,864700,5.36
1990-02-12,21.76,21.96,21.57,21.57,423700,5.39
1990-02-09,21.57,21.96,21.57,21.67,647300,5.41
1990-02-08,22.55,22.55,21.57,21.57,841700,5.39
1990-02-07,22.06,22.35,21.57,22.35,1272000,5.59
1990-02-06,22.45,22.55,21.96,22.25,577900,5.56
1990-02-05,22.74,22.74,22.35,22.65,310000,5.66
1990-02-02,22.65,22.74,22.45,22.65,835900,5.66
1990-02-01,22.25,22.55,21.96,22.45,863700,5.61
1990-01-31,21.18,22.25,21.18,22.25,816900,5.56
1990-01-30,21.27,21.37,20.78,21.18,736500,5.29
1990-01-29,21.57,21.67,20.78,21.18,818100,5.29
1990-01-26,21.67,21.96,20.49,21.37,1662800,5.34
1990-01-25,22.55,22.55,21.18,21.27,1335200,5.32
1990-01-24,22.06,22.65,21.27,22.35,670000,5.59
1990-01-23,22.84,23.04,21.18,22.06,1122500,5.51
1990-01-22,23.04,23.53,22.35,22.55,701200,5.63
1990-01-19,23.33,23.53,23.14,23.23,737100,5.81
1990-01-18,23.33,23.43,22.65,23.14,1588300,5.78
1990-01-17,23.72,23.82,23.14,23.53,720600,5.88
1990-01-16,22.94,23.53,22.55,23.53,1217100,5.88
1990-01-15,23.72,24.02,23.23,23.23,981000,5.81
1990-01-12,23.63,24.02,23.53,23.82,934400,5.95
1990-01-11,24.12,24.21,23.82,24.02,709800,6.00
1990-01-10,23.92,24.12,23.72,24.12,1003800,6.03
1990-01-09,25.00,25.10,24.02,24.31,1199700,6.08
1990-01-08,24.61,25.00,24.51,25.00,647300,6.25
1990-01-05,24.70,25.10,24.41,25.10,544500,6.27
1990-01-04,25.29,25.49,24.70,24.90,727500,6.22
1990-01-03,25.29,25.78,25.00,25.39,661000,6.34
1990-01-02,26.18,26.18,25.29,25.49,1138500,6.37
1989-12-29,25.49,26.47,25.39,26.27,638400,6.57
1989-12-28,24.61,25.49,24.51,25.49,308200,6.37
1989-12-27,24.31,24.70,24.12,24.61,385300,6.15
1989-12-26,24.51,24.70,24.41,24.51,331500,6.12
1989-12-22,50.39,50.39,49.31,49.80,604700,6.22
1989-12-21,49.31,50.10,48.82,50.00,1079400,6.25
1989-12-20,49.21,49.70,49.02,49.31,746800,6.16
1989-12-19,48.92,49.12,48.04,49.02,817700,6.12
1989-12-18,49.21,49.41,48.82,49.02,582400,6.12
1989-12-15,49.21,49.31,48.63,49.12,1148300,6.14
1989-12-14,49.41,49.80,49.02,49.21,876200,6.15
1989-12-13,49.02,49.41,49.02,49.31,546300,6.16
1989-12-12,48.13,49.21,48.13,48.92,536300,6.11
1989-12-11,48.33,48.43,47.94,48.23,620400,6.03
1989-12-08,48.04,48.33,47.94,48.23,708400,6.03
1989-12-07,47.84,47.94,47.64,47.84,425500,5.98
1989-12-06,48.33,48.53,47.64,47.84,481500,5.98
1989-12-05,48.53,48.72,48.04,48.13,618800,6.01
1989-12-04,48.53,48.92,48.23,48.72,719300,6.09
1989-12-01,47.64,48.43,47.55,48.33,1165500,6.04
1989-11-30,47.15,47.55,46.76,47.45,563200,5.93
1989-11-29,46.57,47.15,46.47,47.06,640800,5.88
1989-11-28,46.57,46.76,46.17,46.47,660800,5.81
1989-11-27,46.47,47.06,46.47,46.66,528300,5.83
1989-11-24,46.53,46.73,46.53,46.73,554400,5.79
1989-11-22,46.14,46.63,46.14,46.63,573100,5.77
1989-11-21,46.14,46.34,45.75,46.14,580800,5.71
1989-11-20,46.53,46.63,45.75,46.05,591600,5.70
1989-11-17,46.44,46.92,46.44,46.53,828900,5.76
1989-11-16,46.44,46.53,46.24,46.44,425100,5.75
1989-11-15,45.66,46.53,45.17,46.44,794500,5.75
1989-11-14,45.75,45.85,45.56,45.66,339400,5.65
1989-11-13,45.85,45.95,45.56,45.66,537100,5.65
1989-11-10,45.85,45.85,45.46,45.56,507100,5.64
1989-11-09,45.66,45.95,45.66,45.75,389400,5.67
1989-11-08,45.66,46.14,45.56,45.75,1042300,5.67
1989-11-07,45.36,45.95,44.78,45.56,1424500,5.64
1989-11-06,46.73,46.82,45.36,45.66,1314400,5.65
1989-11-03,47.21,47.80,47.02,47.60,564800,5.89
1989-11-02,47.12,47.21,46.63,47.02,405000,5.82
1989-11-01,46.92,47.21,46.73,47.21,490700,5.85
1989-10-31,45.85,46.82,45.85,46.73,941800,5.79
1989-10-30,45.56,45.95,45.56,45.75,606400,5.67
1989-10-27,46.24,46.34,45.56,45.85,798900,5.68
1989-10-26,47.31,47.31,45.75,46.24,1531300,5.73
1989-10-25,46.63,47.21,46.53,47.21,1173100,5.85
1989-10-24,46.63,46.73,45.95,46.44,1079000,5.75
1989-10-23,46.82,46.82,46.53,46.82,383400,5.80
1989-10-20,46.92,46.92,46.53,46.82,617200,5.80
1989-10-19,46.53,47.12,46.44,46.82,523900,5.80
1989-10-18,46.53,46.63,45.95,46.63,559200,5.77
1989-10-17,45.95,46.53,45.46,46.53,1484500,5.76
1989-10-16,43.42,45.95,42.83,45.75,2571200,5.67
1989-10-13,46.73,46.82,44.39,44.39,1268300,5.50
1989-10-12,46.63,46.92,46.53,46.92,659200,5.81
1989-10-11,46.53,46.63,46.34,46.63,529900,5.77
1989-10-10,46.92,47.21,46.44,46.92,843700,5.81
1989-10-09,47.51,47.51,46.73,46.92,423400,5.81
1989-10-06,47.41,47.70,47.31,47.51,766100,5.88
1989-10-05,46.63,47.12,46.53,47.12,912100,5.83
1989-10-04,46.24,46.53,46.14,46.44,1401700,5.75
1989-10-03,45.75,46.05,45.46,45.95,738500,5.69
1989-10-02,45.36,45.75,45.07,45.75,857800,5.67
1989-09-29,45.46,45.85,45.27,45.85,744800,5.68
1989-09-28,44.10,45.27,43.90,45.27,1250800,5.60
1989-09-27,43.90,44.10,43.71,44.00,497900,5.45
1989-09-26,44.00,44.59,43.81,44.10,1199900,5.46
1989-09-25,43.90,44.10,43.71,44.00,999000,5.45
1989-09-22,44.00,44.29,43.81,44.00,786100,5.45
1989-09-21,43.90,44.29,43.81,43.90,502700,5.44
1989-09-20,44.59,44.98,43.71,43.71,722800,5.41
1989-09-19,44.29,44.78,44.29,44.59,637600,5.52
1989-09-18,44.00,44.49,43.90,44.49,628800,5.51
1989-09-15,43.03,43.81,42.93,43.81,1462100,5.42
1989-09-14,43.42,43.42,42.44,42.74,1288000,5.29
1989-09-13,43.71,44.20,43.42,43.61,820900,5.40
1989-09-12,44.00,44.00,43.61,43.71,1039400,5.41
1989-09-11,44.49,44.49,43.71,43.90,977400,5.44
1989-09-08,44.59,44.59,44.00,44.29,871300,5.48
1989-09-07,45.07,45.07,44.59,44.59,467500,5.52
1989-09-06,45.46,45.56,44.98,44.98,555100,5.57
1989-09-05,46.24,46.24,45.17,45.66,822100,5.65
1989-09-01,45.95,46.24,45.95,46.14,379000,5.71
1989-08-31,46.24,46.34,45.85,46.14,559500,5.71
1989-08-30,46.44,46.73,46.05,46.24,620000,5.73
1989-08-29,46.34,46.73,45.95,46.34,494700,5.74
1989-08-28,45.95,46.53,45.95,46.53,672000,5.76
1989-08-25,45.86,46.35,45.67,45.96,835300,5.65
1989-08-24,45.38,45.86,45.19,45.67,1111100,5.61
1989-08-23,45.09,45.09,44.70,45.09,680400,5.54
1989-08-22,45.09,45.09,44.61,44.90,935000,5.52
1989-08-21,46.35,46.35,44.61,45.09,1062200,5.54
1989-08-18,45.86,46.35,45.86,46.35,670400,5.69
1989-08-17,45.38,46.06,45.09,46.06,1068200,5.66
1989-08-16,44.90,45.57,44.90,45.19,933300,5.55
1989-08-15,45.57,45.67,44.51,44.80,1793500,5.50
1989-08-14,45.67,45.67,44.99,45.28,745200,5.56
1989-08-11,46.73,46.93,45.67,45.86,1219500,5.63
1989-08-10,45.28,46.44,45.19,46.25,712800,5.68
1989-08-09,46.06,46.35,45.09,45.28,655900,5.56
1989-08-08,46.35,46.35,45.67,46.06,734900,5.66
1989-08-07,45.48,46.35,45.38,45.96,1577000,5.65
1989-08-04,47.41,47.51,45.96,46.06,1409600,5.66
1989-08-03,47.51,47.60,47.22,47.51,998600,5.84
1989-08-02,47.60,47.60,46.64,47.31,936600,5.81
1989-08-01,48.19,48.77,47.41,47.60,1238700,5.85
1989-07-31,47.80,47.99,47.60,47.99,848900,5.90
1989-07-28,47.31,47.60,47.12,47.41,800900,5.82
1989-07-27,47.22,47.90,46.73,46.93,1085100,5.77
1989-07-26,46.83,47.70,46.73,47.41,761200,5.82
1989-07-25,46.25,46.83,46.15,46.73,847000,5.74
1989-07-24,46.06,46.35,45.77,46.06,798100,5.66
1989-07-21,45.38,46.25,45.19,46.25,524300,5.68
1989-07-20,46.83,46.83,45.57,45.57,1038200,5.60
1989-07-19,45.28,46.35,45.09,46.15,895300,5.67
1989-07-18,44.80,45.09,44.61,45.09,616800,5.54
1989-07-17,44.12,44.99,44.02,44.90,557200,5.52
1989-07-14,44.41,44.51,43.73,44.12,969400,5.42
1989-07-13,44.51,44.51,44.22,44.51,512700,5.47
1989-07-12,44.32,44.41,43.93,44.32,361000,5.44
1989-07-11,44.02,44.70,44.02,44.41,827300,5.46
1989-07-10,43.15,43.83,43.15,43.83,983400,5.38
1989-07-07,42.57,43.35,42.28,42.96,870500,5.28
1989-07-06,42.28,42.57,42.19,42.57,830100,5.23
1989-07-05,42.19,42.19,41.80,41.99,669200,5.16
1989-07-03,41.70,42.09,41.51,41.99,508300,5.16
1989-06-30,42.38,42.38,40.64,41.70,1584200,5.12
1989-06-29,43.25,43.25,42.28,42.28,952600,5.19
1989-06-28,43.25,43.44,42.96,43.15,431900,5.30
1989-06-27,43.73,44.02,43.44,43.44,744400,5.34
1989-06-26,43.73,44.41,43.73,43.83,1125100,5.38
1989-06-23,43.06,44.22,43.06,43.93,1729500,5.40
1989-06-22,42.57,42.86,42.48,42.77,1279200,5.25
1989-06-21,42.86,42.86,42.57,42.86,585100,5.27
1989-06-20,42.77,42.96,42.67,42.67,768900,5.24
1989-06-19,42.57,42.96,42.19,42.48,417800,5.22
1989-06-16,41.41,42.57,41.41,42.48,1445700,5.22
1989-06-15,42.57,42.57,41.41,41.70,815300,5.12
1989-06-14,43.15,43.35,42.38,42.57,828900,5.23
1989-06-13,43.54,43.64,43.06,43.15,413400,5.30
1989-06-12,43.73,43.83,43.44,43.83,453900,5.38
1989-06-09,43.73,43.83,43.35,43.54,659200,5.35
1989-06-08,43.83,43.83,43.44,43.73,741300,5.37
1989-06-07,43.15,43.54,43.06,43.44,2740100,5.34
1989-06-06,42.09,42.77,41.99,42.67,585500,5.24
1989-06-05,42.86,42.96,42.09,42.09,543900,5.17
1989-06-02,42.57,42.96,42.57,42.77,562300,5.25
1989-06-01,42.28,42.48,42.28,42.48,330200,5.22
1989-05-31,42.19,42.48,42.09,42.48,514700,5.22
1989-05-30,42.19,42.28,41.70,42.19,500700,5.18
1989-05-26,41.99,42.19,41.80,41.99,1036600,5.16
1989-05-25,41.90,42.19,41.80,42.09,793600,5.17
1989-05-24,41.91,42.10,41.81,42.00,519900,5.12
1989-05-23,42.10,42.29,41.72,41.72,953000,5.08
1989-05-22,42.49,42.58,42.10,42.20,840600,5.14
1989-05-19,41.91,42.29,41.91,42.10,957800,5.13
1989-05-18,41.33,42.10,41.33,41.72,800100,5.08
1989-05-17,41.33,41.52,41.14,41.43,982600,5.05
1989-05-16,41.33,41.62,41.24,41.43,783300,5.05
1989-05-15,41.24,41.52,41.04,41.52,794900,5.06
1989-05-12,40.76,41.14,40.56,41.14,1573400,5.01
1989-05-11,39.31,39.89,39.31,39.89,592300,4.86
1989-05-10,38.83,39.41,38.83,39.31,493500,4.79
1989-05-09,38.93,39.31,38.83,38.83,385100,4.73
1989-05-08,39.02,39.31,38.83,38.93,479100,4.74
1989-05-05,39.41,39.79,39.22,39.22,1328000,4.78
1989-05-04,39.70,39.70,39.31,39.31,473100,4.79
1989-05-03,39.31,39.60,39.31,39.60,508700,4.82
1989-05-02,39.22,39.51,39.12,39.31,529900,4.79
1989-05-01,39.12,39.31,38.83,39.22,476300,4.78
1989-04-28,39.51,39.79,39.41,39.51,1266400,4.81
1989-04-27,39.12,39.51,38.93,39.41,1449300,4.80
1989-04-26,38.74,38.74,38.45,38.74,532800,4.72
1989-04-25,38.83,38.93,38.45,38.54,523900,4.69
1989-04-24,39.12,39.22,38.54,38.74,694000,4.72
1989-04-21,39.12,39.22,38.83,39.12,880500,4.76
1989-04-20,39.22,39.22,38.64,39.02,600400,4.75
1989-04-19,39.02,39.51,38.83,39.31,1447300,4.79
1989-04-18,39.22,39.60,39.12,39.22,885700,4.78
1989-04-17,39.02,39.31,39.02,39.12,529500,4.76
1989-04-14,38.54,39.22,38.54,39.12,1835900,4.76
1989-04-13,38.74,38.74,38.16,38.16,741700,4.65
1989-04-12,39.02,39.12,38.83,39.02,859400,4.75
1989-04-11,38.93,39.12,38.64,39.12,987800,4.76
1989-04-10,39.22,39.60,39.12,39.12,635600,4.76
1989-04-07,38.83,39.41,38.64,39.22,1071400,4.78
1989-04-06,39.22,39.22,38.74,39.02,650400,4.75
1989-04-05,39.02,39.60,39.02,39.41,1297600,4.80
1989-04-04,38.45,39.41,38.16,38.93,1861600,4.74
1989-04-03,37.49,39.22,37.29,38.45,2417500,4.68
1989-03-31,37.39,37.58,37.39,37.49,925400,4.57
1989-03-30,36.91,37.49,36.91,37.20,897300,4.53
1989-03-29,36.72,37.10,36.72,36.91,1372500,4.50
1989-03-28,36.43,36.62,36.43,36.43,507100,4.44
1989-03-27,36.53,36.62,36.33,36.33,540700,4.43
1989-03-23,36.53,37.10,36.33,36.43,1100300,4.44
1989-03-22,35.66,36.24,35.47,36.14,621600,4.40
1989-03-21,35.28,35.56,35.28,35.47,483500,4.32
1989-03-20,35.56,35.66,35.18,35.28,419800,4.30
1989-03-17,35.66,35.76,35.18,35.56,1069900,4.33
1989-03-16,36.72,36.81,36.53,36.62,750500,4.46
1989-03-15,36.53,36.72,36.43,36.62,566800,4.46
1989-03-14,36.53,36.72,36.43,36.53,602000,4.45
1989-03-13,36.24,36.81,36.14,36.33,969400,4.43
1989-03-10,36.43,36.43,35.76,36.14,676800,4.40
1989-03-09,36.91,37.01,36.43,36.62,736100,4.46
1989-03-08,36.05,36.72,35.95,36.53,994600,4.45
1989-03-07,36.14,36.14,35.85,35.95,374200,4.38
1989-03-06,35.28,36.33,35.28,36.14,716000,4.40
1989-03-03,34.99,35.28,34.80,35.28,1213200,4.30
1989-03-02,34.89,35.08,34.80,35.08,803300,4.27
1989-03-01,34.99,35.18,34.80,34.89,1262800,4.25
1989-02-28,34.80,34.99,34.70,34.89,433500,4.25
1989-02-27,34.80,34.89,34.41,34.70,1433700,4.23
1989-02-24,35.28,35.28,34.60,34.89,1041900,4.25
1989-02-23,35.18,35.66,34.80,35.28,751300,4.30
1989-02-22,35.86,35.86,35.38,35.48,635200,4.28
1989-02-21,36.34,36.43,35.67,35.86,667600,4.32
1989-02-17,36.05,36.43,36.05,36.34,568800,4.38
1989-02-16,35.77,36.15,35.67,36.05,674000,4.35
1989-02-15,35.38,35.77,35.19,35.58,941800,4.29
1989-02-14,35.86,36.05,35.48,35.48,709300,4.28
1989-02-13,35.38,36.05,35.38,35.77,483900,4.31
1989-02-10,35.86,35.96,35.67,35.77,616400,4.31
1989-02-09,36.53,36.62,35.96,35.96,778800,4.34
1989-02-08,37.01,37.10,36.72,36.72,1002600,4.43
1989-02-07,36.53,37.10,36.43,37.10,632400,4.47
1989-02-06,36.62,36.62,36.24,36.53,709700,4.40
1989-02-03,36.82,36.91,36.53,36.62,731200,4.42
1989-02-02,37.01,37.10,36.53,36.62,887800,4.42
1989-02-01,36.91,37.10,36.72,36.82,901300,4.44
1989-01-31,36.34,36.91,36.24,36.91,686100,4.45
1989-01-30,36.53,36.72,36.34,36.34,843300,4.38
1989-01-27,36.72,37.01,36.24,36.34,1648200,4.38
1989-01-26,36.53,36.62,36.34,36.53,1788700,4.40
1989-01-25,35.96,36.24,35.77,36.24,1325600,4.37
1989-01-24,35.00,36.05,35.00,35.77,1528500,4.31
1989-01-23,35.77,35.77,34.81,34.81,545100,4.20
1989-01-20,36.15,36.24,35.48,35.77,696400,4.31
1989-01-19,36.43,36.43,35.96,36.24,1027800,4.37
1989-01-18,35.58,36.62,35.58,36.43,1386900,4.39
1989-01-17,35.29,35.67,35.19,35.58,1195100,4.29
1989-01-16,35.19,35.48,35.00,35.10,682400,4.23
1989-01-13,35.10,35.58,35.10,35.29,852900,4.25
1989-01-12,35.00,35.58,34.91,35.10,1617400,4.23
1989-01-11,33.76,34.91,33.76,34.81,1993200,4.20
1989-01-10,34.14,34.14,33.67,33.76,882500,4.07
1989-01-09,34.53,34.53,33.95,33.95,2269000,4.09
1989-01-06,34.62,34.91,34.53,34.53,650800,4.16
1989-01-05,34.91,35.00,34.53,34.62,989800,4.17
1989-01-04,33.76,34.91,33.76,34.91,2036500,4.21
1989-01-03,32.81,33.48,32.71,33.38,1594500,4.02
1988-12-30,33.19,33.29,32.05,32.05,3483400,3.86
1988-12-29,33.67,33.76,33.29,33.29,1247200,4.01
1988-12-28,34.34,34.43,33.86,33.86,1251100,4.08
1988-12-27,34.62,34.62,34.34,34.34,393900,4.14
1988-12-23,34.62,34.72,34.53,34.62,361800,4.17
1988-12-22,34.91,35.00,34.43,34.53,751700,4.16
1988-12-21,34.53,34.91,34.24,34.91,964600,4.21
1988-12-20,34.53,34.81,34.43,34.62,682000,4.17
1988-12-19,34.34,34.53,34.24,34.43,1081400,4.15
1988-12-16,34.14,34.34,34.05,34.34,1080300,4.14
1988-12-15,34.34,34.34,34.05,34.14,922200,4.12
1988-12-14,34.72,34.72,34.24,34.24,453900,4.13
1988-12-13,34.72,34.81,34.53,34.53,473900,4.16
1988-12-12,34.62,34.91,34.53,34.72,756100,4.19
1988-12-09,34.43,34.72,34.43,34.53,739700,4.16
1988-12-08,34.34,34.72,34.05,34.43,1095500,4.15
1988-12-07,34.62,34.72,34.34,34.43,931700,4.15
1988-12-06,34.72,34.91,34.24,34.62,1088200,4.17
1988-12-05,34.14,35.19,34.14,34.62,1237900,4.17
1988-12-02,34.14,34.24,33.67,33.95,613600,4.09
1988-12-01,34.43,34.53,34.14,34.43,675600,4.15
1988-11-30,34.24,34.72,34.05,34.53,832500,4.16
1988-11-29,33.95,34.34,33.76,34.24,500700,4.13
1988-11-28,33.57,33.95,33.57,33.95,704500,4.09
1988-11-25,33.29,33.48,33.00,33.48,463500,4.04
1988-11-23,33.39,33.68,33.39,33.49,485900,3.99
1988-11-22,33.30,33.49,33.11,33.20,605600,3.96
1988-11-21,33.20,33.39,32.92,33.30,597200,3.97
1988-11-18,33.02,33.39,33.02,33.30,530700,3.97
1988-11-17,32.73,33.02,32.35,32.83,674800,3.92
1988-11-16,33.02,33.20,32.45,32.45,694000,3.87
1988-11-15,33.02,33.30,32.92,33.11,566400,3.95
1988-11-14,33.49,33.58,32.64,32.83,960900,3.92
1988-11-11,34.06,34.06,32.83,33.20,1145900,3.96
1988-11-10,34.43,34.53,34.06,34.15,668800,4.07
1988-11-09,34.62,34.81,34.25,34.53,794500,4.12
1988-11-08,34.81,35.10,34.62,34.81,511100,4.15
1988-11-07,35.29,35.29,34.43,34.62,1280400,4.13
1988-11-04,35.85,35.85,35.38,35.48,682800,4.23
1988-11-03,36.23,36.42,35.95,36.04,709700,4.30
1988-11-02,36.33,36.33,35.95,36.23,998200,4.32
1988-11-01,36.14,36.70,35.95,36.33,1409300,4.33
1988-10-31,35.38,36.04,35.10,36.04,1139500,4.30
1988-10-28,34.91,35.48,34.91,35.38,1112700,4.22
1988-10-27,34.62,35.10,33.68,35.10,4603200,4.19
1988-10-26,36.14,36.14,34.91,35.57,2184600,4.24
1988-10-25,37.56,37.56,36.04,36.33,2253400,4.33
1988-10-24,37.65,37.84,37.08,37.56,4233400,4.48
1988-10-21,35.85,38.98,35.57,37.84,5485300,4.51
1988-10-20,35.66,36.23,35.38,35.66,2346200,4.25
1988-10-19,35.38,35.85,35.00,35.57,2838500,4.24
1988-10-18,35.38,35.48,34.43,34.91,3657500,4.16
1988-10-17,34.34,34.34,33.87,33.96,378700,4.05
1988-10-14,34.72,34.91,34.43,34.53,585100,4.12
1988-10-13,34.25,34.62,33.96,34.53,723700,4.12
1988-10-12,34.43,34.43,33.49,34.06,928900,4.06
1988-10-11,34.91,34.91,34.06,34.62,1623400,4.13
1988-10-10,34.06,35.19,33.96,34.91,1575000,4.16
1988-10-07,33.20,33.87,33.02,33.87,2808900,4.04
1988-10-06,32.92,33.39,32.73,33.02,836500,3.94
1988-10-05,32.54,33.20,32.54,33.02,1045400,3.94
1988-10-04,32.64,32.92,32.54,32.54,1686600,3.88
1988-10-03,32.54,32.64,31.98,32.26,958200,3.85
1988-09-30,32.92,33.11,32.45,32.64,1476200,3.89
1988-09-29,32.07,32.83,31.98,32.73,1010600,3.90
1988-09-28,31.69,31.98,31.60,31.88,649200,3.80
1988-09-27,31.79,31.79,31.50,31.50,1077500,3.76
1988-09-26,32.45,32.45,31.60,31.69,1811500,3.78
1988-09-23,32.26,32.73,32.26,32.45,552000,3.87
1988-09-22,32.73,33.02,32.45,32.54,1003800,3.88
1988-09-21,32.35,32.83,32.35,32.64,898600,3.89
1988-09-20,31.98,32.35,31.88,32.26,861300,3.85
1988-09-19,31.88,32.07,31.69,31.88,383800,3.80
1988-09-16,31.41,31.88,31.41,31.88,858900,3.80
1988-09-15,32.16,32.26,31.50,31.60,1000600,3.77
1988-09-14,31.60,32.16,31.31,32.16,2286600,3.84
1988-09-13,31.12,31.60,31.03,31.50,1040600,3.76
1988-09-12,31.31,31.69,31.03,31.31,704000,3.73
1988-09-09,31.41,31.50,31.31,31.50,1095900,3.76
1988-09-08,31.50,31.60,31.22,31.22,1746700,3.72
1988-09-07,31.12,31.50,31.12,31.41,1959600,3.75
1988-09-06,30.08,31.03,30.08,30.84,781300,3.68
1988-09-02,29.99,30.37,29.89,30.27,971400,3.61
1988-09-01,30.08,30.08,29.52,29.70,617200,3.54
1988-08-31,30.27,30.46,29.89,30.18,1139100,3.60
1988-08-30,29.99,30.56,29.99,30.08,777300,3.59
1988-08-29,29.99,30.18,29.99,29.99,562300,3.58
1988-08-26,29.80,29.89,29.70,29.89,310600,3.57
1988-08-25,30.04,30.14,29.67,29.86,591200,3.52
1988-08-24,29.76,30.51,29.76,30.42,1338000,3.59
1988-08-23,29.76,29.95,29.57,29.76,649600,3.51
1988-08-22,30.04,30.04,29.48,29.57,830900,3.49
1988-08-19,30.70,30.70,29.95,30.14,1335200,3.56
1988-08-18,30.70,31.17,30.42,30.51,1809500,3.60
1988-08-17,29.29,30.98,29.29,30.89,2021300,3.65
1988-08-16,28.92,29.67,28.92,29.39,761600,3.47
1988-08-15,29.29,29.29,28.92,29.01,863700,3.43
1988-08-12,29.67,29.76,29.10,29.39,700800,3.47
1988-08-11,29.20,29.95,28.92,29.86,419800,3.52
1988-08-10,29.10,29.29,28.73,29.29,960900,3.46
1988-08-09,30.14,30.23,28.92,29.29,979000,3.46
1988-08-08,29.39,30.14,29.39,29.95,788500,3.54
1988-08-05,29.57,29.67,28.92,29.48,515100,3.48
1988-08-04,30.23,30.51,29.67,29.76,1424800,3.51
1988-08-03,29.10,30.23,28.92,30.04,1926000,3.55
1988-08-02,29.39,29.57,29.10,29.29,1047400,3.46
1988-08-01,29.29,29.48,29.01,29.48,934200,3.48
1988-07-29,28.54,29.57,28.54,29.48,1513700,3.48
1988-07-28,27.60,28.73,27.51,28.54,904600,3.37
1988-07-27,27.51,27.79,27.23,27.60,595600,3.26
1988-07-26,27.13,27.60,27.13,27.41,485100,3.24
1988-07-25,27.13,27.41,27.04,27.32,562700,3.23
1988-07-22,27.41,27.51,27.04,27.13,2159300,3.20
1988-07-21,27.79,27.98,27.51,27.60,501200,3.26
1988-07-20,27.88,28.17,27.70,27.98,658100,3.30
1988-07-19,27.98,28.07,27.79,27.98,837300,3.30
1988-07-18,28.07,28.26,27.70,28.17,752900,3.33
1988-07-15,27.70,28.35,27.41,28.26,451500,3.34
1988-07-14,27.32,27.70,27.04,27.60,976600,3.26
1988-07-13,27.60,27.60,26.66,27.32,997800,3.23
1988-07-12,27.79,28.07,27.23,27.41,1217100,3.24
1988-07-11,27.51,27.79,27.41,27.79,470300,3.28
1988-07-08,27.41,27.79,27.32,27.32,553900,3.23
1988-07-07,27.23,27.60,27.13,27.51,1693100,3.25
1988-07-06,27.88,28.07,27.13,27.41,1647800,3.24
1988-07-05,27.79,27.98,27.70,27.88,542300,3.29
1988-07-01,27.70,27.79,27.41,27.70,956200,3.27
1988-06-30,27.70,27.88,27.51,27.79,816500,3.28
1988-06-29,27.51,27.60,27.23,27.51,498700,3.25
1988-06-28,27.13,27.70,27.13,27.41,571100,3.24
1988-06-27,27.79,27.98,27.04,27.04,698400,3.19
1988-06-24,28.17,28.35,27.60,27.79,268100,3.28
1988-06-23,28.35,28.35,27.79,28.35,491900,3.35
1988-06-22,28.17,28.45,27.60,28.17,975000,3.33
1988-06-21,27.32,27.51,26.38,27.51,955400,3.25
1988-06-20,27.60,27.60,26.85,27.13,886500,3.20
1988-06-17,28.26,28.35,27.41,27.51,1117100,3.25
1988-06-16,29.20,29.20,27.98,28.26,872200,3.34
1988-06-15,29.29,29.39,29.20,29.39,304200,3.47
1988-06-14,29.01,29.57,28.73,29.48,692500,3.48
1988-06-13,28.54,28.92,28.35,28.82,305400,3.40
1988-06-10,28.35,28.82,28.26,28.54,325400,3.37
1988-06-09,28.54,28.92,28.45,28.45,891000,3.36
1988-06-08,27.79,29.01,27.79,28.73,553900,3.39
1988-06-07,28.73,28.73,27.41,27.88,569600,3.29
1988-06-06,28.64,28.73,28.45,28.73,358200,3.39
1988-06-03,28.45,28.73,28.26,28.54,603200,3.37
1988-06-02,28.73,28.73,28.26,28.35,1523000,3.35
1988-06-01,28.64,28.92,28.17,28.92,760500,3.41
1988-05-31,27.23,28.73,27.23,28.73,554400,3.39
1988-05-27,27.32,27.32,26.95,27.04,152500,3.19
1988-05-26,27.13,27.51,27.04,27.32,377800,3.23
1988-05-25,27.32,27.79,27.13,27.13,332200,3.20
1988-05-24,26.63,27.38,26.63,27.38,589200,3.20
1988-05-23,26.91,27.10,26.35,26.63,375000,3.11
1988-05-20,27.28,27.28,26.63,27.00,1126300,3.15
1988-05-19,26.63,27.19,26.35,27.19,566800,3.18
1988-05-18,27.38,27.47,26.63,26.73,604700,3.12
1988-05-17,28.03,28.12,27.28,27.28,702500,3.19
1988-05-16,27.75,28.12,27.56,27.84,662000,3.25
1988-05-13,27.56,28.12,27.56,27.75,319400,3.24
1988-05-12,27.56,27.75,27.38,27.56,222900,3.22
1988-05-11,27.38,27.47,27.00,27.47,335400,3.21
1988-05-10,27.28,27.94,27.28,27.66,651600,3.23
1988-05-09,27.56,27.75,27.10,27.28,1042300,3.19
1988-05-06,28.22,28.22,27.66,27.66,768500,3.23
1988-05-05,28.31,28.49,27.94,28.03,597200,3.27
1988-05-04,28.96,28.96,28.49,28.59,532800,3.34
1988-05-03,29.33,29.61,29.15,29.15,400300,3.40
1988-05-02,28.96,29.52,28.68,29.43,436300,3.44
1988-04-29,29.43,29.61,28.87,29.05,552800,3.39
1988-04-28,29.80,29.80,29.43,29.61,280200,3.46
1988-04-27,30.26,30.26,29.71,29.71,232600,3.47
1988-04-26,29.24,30.36,29.15,30.08,1181600,3.51
1988-04-25,29.24,29.52,28.87,29.33,482300,3.43
1988-04-22,28.03,28.96,28.03,28.68,455000,3.35
1988-04-21,27.84,28.68,27.84,28.12,587200,3.28
1988-04-20,28.03,28.31,27.94,28.03,334600,3.27
1988-04-19,28.31,28.68,28.12,28.12,354200,3.28
1988-04-18,27.94,28.59,27.94,28.31,598000,3.31
1988-04-15,28.31,28.59,27.66,28.03,824900,3.27
1988-04-14,29.43,29.80,27.94,28.31,962600,3.31
1988-04-13,30.08,30.08,29.71,29.80,760000,3.48
1988-04-12,29.80,30.26,29.61,30.08,495100,3.51
1988-04-11,29.89,30.08,29.52,29.98,329800,3.50
1988-04-08,29.80,30.08,29.71,29.98,561500,3.50
1988-04-07,30.17,30.17,29.71,29.71,593600,3.47
1988-04-06,29.98,30.45,29.61,30.08,741700,3.51
1988-04-05,29.43,29.80,29.24,29.80,254500,3.48
1988-04-04,29.61,29.80,29.05,29.15,465500,3.40
1988-03-31,30.26,30.64,29.80,29.98,307000,3.50
1988-03-30,30.64,30.82,30.26,30.26,559200,3.53
1988-03-29,31.01,31.29,30.45,30.45,446700,3.56
1988-03-28,29.71,30.73,29.33,30.64,632400,3.58
1988-03-25,29.98,30.08,29.52,29.71,737600,3.47
1988-03-24,30.36,30.64,29.52,30.08,1666600,3.51
1988-03-23,31.38,31.47,31.01,31.20,221700,3.64
1988-03-22,31.10,31.29,30.73,31.10,426300,3.63
1988-03-21,31.47,31.85,30.82,31.10,498300,3.63
1988-03-18,32.69,32.69,31.20,31.47,1106300,3.68
1988-03-17,31.66,32.59,31.66,32.03,878100,3.74
1988-03-16,31.20,31.66,30.73,31.47,1195500,3.68
1988-03-15,31.29,31.38,31.01,31.20,691600,3.64
1988-03-14,30.45,31.29,29.98,31.01,660000,3.62
1988-03-11,31.10,31.29,29.98,30.45,944600,3.56
1988-03-10,32.31,32.69,30.36,30.92,674400,3.61
1988-03-09,32.41,32.78,32.13,32.41,604700,3.78
1988-03-08,31.94,32.41,31.94,32.22,691600,3.76
1988-03-07,32.41,32.50,31.57,31.94,874200,3.73
1988-03-04,32.59,32.96,31.94,32.41,1142700,3.78
1988-03-03,32.13,32.59,31.66,32.59,1153900,3.81
1988-03-02,32.59,33.15,32.22,32.31,1474900,3.77
1988-03-01,31.20,32.59,31.01,32.50,2118100,3.80
1988-02-29,30.92,31.85,30.73,31.10,1112300,3.63
1988-02-26,29.33,30.54,29.33,30.17,835700,3.52
1988-02-25,29.43,30.64,28.87,28.96,925000,3.38
1988-02-24,30.36,30.36,29.71,29.80,394200,3.48
1988-02-23,30.51,30.60,29.77,30.51,686100,3.53
1988-02-22,30.04,30.69,29.86,30.41,640800,3.52
1988-02-19,30.04,30.04,29.67,29.95,467000,3.46
1988-02-18,30.04,30.14,29.49,29.77,682400,3.44
1988-02-17,29.67,30.60,29.58,29.86,1180700,3.45
1988-02-16,29.58,30.04,29.40,29.49,891800,3.41
1988-02-12,29.12,29.58,28.93,29.58,849300,3.42
1988-02-11,29.40,29.58,28.66,28.75,869300,3.32
1988-02-10,29.30,29.49,28.66,29.40,1960400,3.40
1988-02-09,28.66,28.84,28.56,28.84,514700,3.33
1988-02-08,29.21,29.21,28.47,28.47,933700,3.29
1988-02-05,28.66,29.40,28.47,29.12,731600,3.37
1988-02-04,28.56,28.93,28.29,28.84,847700,3.33
1988-02-03,28.66,28.84,28.38,28.47,2257400,3.29
1988-02-02,27.46,28.66,27.27,28.66,978600,3.31
1988-02-01,28.19,28.29,27.46,27.64,712400,3.20
1988-01-29,27.64,27.92,27.46,27.92,562700,3.23
1988-01-28,27.36,27.83,27.36,27.64,719700,3.20
1988-01-27,27.55,27.83,27.36,27.46,762900,3.17
1988-01-26,26.99,27.64,26.81,27.09,539100,3.13
1988-01-25,26.25,27.18,26.16,26.81,598000,3.10
1988-01-22,26.16,26.25,25.61,25.79,738500,2.98
1988-01-21,26.44,26.44,25.61,25.79,739700,2.98
1988-01-20,26.99,26.99,25.70,25.88,732900,2.99
1988-01-19,26.90,27.46,26.90,27.09,814100,3.13
1988-01-18,26.62,27.09,26.35,26.99,436700,3.12
1988-01-15,26.62,27.27,26.53,27.18,810800,3.14
1988-01-14,26.62,26.72,25.70,26.07,288600,3.01
1988-01-13,25.51,26.81,25.33,26.44,711700,3.06
1988-01-12,25.51,25.88,25.24,25.61,689700,2.96
1988-01-11,25.33,25.70,25.05,25.70,790100,2.97
1988-01-08,27.36,27.36,24.31,24.40,580800,2.82
1988-01-07,27.55,27.55,26.99,27.27,677200,3.15
1988-01-06,27.27,27.64,26.81,27.27,829700,3.15
1988-01-05,27.27,27.55,27.18,27.27,935800,3.15
1988-01-04,26.53,27.36,26.44,26.90,911400,3.11
1987-12-31,25.42,26.44,25.24,26.07,686100,3.01
1987-12-30,25.51,26.16,25.33,25.98,540000,3.00
1987-12-29,25.98,26.07,25.24,25.33,402600,2.93
1987-12-28,25.88,26.07,25.51,25.88,647600,2.99
1987-12-24,26.99,27.18,26.81,26.90,230900,3.11
1987-12-23,27.36,28.10,26.99,27.18,733600,3.14
1987-12-22,26.99,27.36,26.44,27.09,804100,3.13
1987-12-21,26.90,27.27,26.72,27.18,808100,3.14
1987-12-18,26.72,26.99,25.79,26.99,1289200,3.12
1987-12-17,26.62,26.90,25.79,25.79,801700,2.98
1987-12-16,25.88,26.81,25.61,26.62,1599800,3.08
1987-12-15,25.33,25.88,25.14,25.70,973800,2.97
1987-12-14,25.51,25.88,24.96,25.33,1136300,2.93
1987-12-11,24.40,24.77,24.31,24.77,383800,2.86
1987-12-10,23.94,25.14,23.85,24.40,806900,2.82
1987-12-09,24.22,25.61,24.22,25.14,785300,2.91
1987-12-08,23.94,24.40,23.67,24.04,1001800,2.78
1987-12-07,22.83,24.04,22.83,23.94,528300,2.77
1987-12-04,22.19,23.67,22.09,22.93,798100,2.65
1987-12-03,24.59,24.59,22.93,22.93,582400,2.65
1987-12-02,24.50,24.96,24.13,24.59,1133900,2.84
1987-12-01,24.04,24.96,24.04,24.13,614800,2.79
1987-11-30,24.04,24.13,22.28,24.04,1408000,2.78
1987-11-27,25.61,25.61,24.40,24.40,787700,2.82
1987-11-25,25.98,26.16,25.61,25.61,418600,2.96
1987-11-24,25.51,26.07,25.24,25.79,365900,2.98
1987-11-23,25.57,25.84,25.20,25.57,395500,2.92
1987-11-20,25.29,25.75,24.47,25.39,736100,2.90
1987-11-19,25.94,25.94,25.29,25.29,598800,2.89
1987-11-18,25.75,26.03,25.29,25.94,1699800,2.96
1987-11-17,26.39,26.39,25.48,25.75,1169900,2.94
1987-11-16,26.21,26.58,26.12,26.30,463500,3.01
1987-11-13,26.03,26.49,25.66,25.66,3576200,2.93
1987-11-12,26.12,26.58,25.84,26.03,729200,2.97
1987-11-11,26.21,26.39,25.66,25.84,1079900,2.95
1987-11-10,25.48,26.39,25.20,26.39,1384900,3.02
1987-11-09,26.76,26.76,25.84,26.12,618000,2.98
1987-11-06,27.86,28.23,26.76,26.85,801300,3.07
1987-11-05,26.85,28.41,26.85,27.49,1581400,3.14
1987-11-04,27.49,27.95,27.04,27.68,1104700,3.16
1987-11-03,28.41,28.41,26.76,28.14,1041900,3.22
1987-11-02,27.86,29.05,27.49,28.87,1577000,3.30
1987-10-30,28.23,28.96,28.23,28.23,1126700,3.23
1987-10-29,27.13,28.59,27.13,28.04,1577700,3.20
1987-10-28,26.76,28.41,26.58,26.94,1695400,3.08
1987-10-27,27.31,27.68,26.76,26.76,1398900,3.06
1987-10-26,27.13,27.40,24.93,24.93,939000,2.85
1987-10-23,26.76,28.59,26.39,28.14,999800,3.22
1987-10-22,24.93,27.13,24.56,26.94,1959600,3.08
1987-10-21,25.29,28.59,25.29,27.86,3288400,3.18
1987-10-20,27.86,27.86,20.16,24.19,3614200,2.76
1987-10-19,26.76,26.85,18.33,19.61,3075500,2.24
1987-10-16,28.23,28.41,27.49,27.68,1428100,3.16
1987-10-15,28.69,28.96,28.23,28.41,1509700,3.25
1987-10-14,30.06,30.06,28.78,29.24,1605000,3.34
1987-10-13,30.24,30.61,29.51,30.06,2141800,3.43
1987-10-12,31.53,31.53,29.97,30.24,1544900,3.46
1987-10-09,31.89,31.89,31.53,31.53,620400,3.60
1987-10-08,32.90,32.90,31.89,31.89,812100,3.64
1987-10-07,32.44,32.72,32.26,32.35,887400,3.70
1987-10-06,32.99,33.08,32.44,32.44,763600,3.71
1987-10-05,33.54,33.82,32.90,33.18,732000,3.79
1987-10-02,33.54,33.63,33.08,33.18,690400,3.79
1987-10-01,33.08,33.45,32.99,33.36,617200,3.81
1987-09-30,33.08,33.36,32.72,32.90,1418100,3.76
1987-09-29,32.99,33.18,32.81,32.90,330600,3.76
1987-09-28,33.18,33.54,32.72,32.90,838100,3.76
1987-09-25,33.36,33.36,32.72,32.81,1067000,3.75
1987-09-24,33.54,33.63,33.08,33.27,438300,3.80
1987-09-23,33.27,33.73,33.18,33.54,1268300,3.83
1987-09-22,32.17,33.45,31.80,33.27,1179500,3.80
1987-09-21,33.36,33.36,31.89,32.17,1182000,3.68
1987-09-18,33.63,33.63,32.72,32.99,1428500,3.77
1987-09-17,32.72,32.90,32.44,32.81,900900,3.75
1987-09-16,32.35,32.81,32.17,32.53,739300,3.72
1987-09-15,32.63,32.63,32.17,32.35,460700,3.70
1987-09-14,32.81,33.18,32.35,32.63,495500,3.73
1987-09-11,31.71,33.18,31.62,32.99,1005000,3.77
1987-09-10,31.89,31.89,31.44,31.71,1755900,3.62
1987-09-09,31.44,31.62,30.79,31.07,856500,3.55
1987-09-08,31.80,31.80,30.79,31.34,1284400,3.58
1987-09-04,32.35,32.72,31.80,31.80,1073000,3.63
1987-09-03,32.81,32.99,32.08,32.44,864500,3.71
1987-09-02,32.81,32.81,32.17,32.53,1957200,3.72
1987-09-01,33.73,33.82,32.63,32.81,938200,3.75
1987-08-31,33.63,33.82,33.45,33.63,621900,3.84
1987-08-28,34.18,34.28,33.63,33.73,545500,3.85
1987-08-27,34.18,34.64,34.00,34.09,690400,3.90
1987-08-26,34.55,34.73,34.46,34.55,1539400,3.95
1987-08-25,33.64,34.55,33.55,34.37,957400,3.90
1987-08-24,34.37,34.55,33.64,33.73,438300,3.83
1987-08-21,34.37,34.46,34.00,34.19,810100,3.88
1987-08-20,32.82,34.19,32.82,34.00,2009600,3.86
1987-08-19,32.82,32.82,32.54,32.82,774100,3.72
1987-08-18,32.82,33.00,32.54,32.64,977800,3.70
1987-08-17,33.91,33.91,33.18,33.27,869300,3.77
1987-08-14,33.55,34.09,33.55,33.91,720400,3.85
1987-08-13,34.28,34.46,33.91,34.19,1018600,3.88
1987-08-12,34.19,34.28,33.55,34.09,1590100,3.87
1987-08-11,33.37,34.55,33.18,34.37,2305800,3.90
1987-08-10,32.82,33.27,32.82,33.00,1330000,3.74
1987-08-07,32.36,33.00,32.36,32.91,682000,3.73
1987-08-06,32.54,32.91,32.27,32.73,1474500,3.71
1987-08-05,32.64,33.09,32.45,32.45,487900,3.68
1987-08-04,32.91,33.18,32.45,32.64,493500,3.70
1987-08-03,33.37,33.55,33.00,33.27,489900,3.77
1987-07-31,33.37,33.46,33.18,33.18,380300,3.76
1987-07-30,33.00,33.46,32.91,33.18,649600,3.76
1987-07-29,31.63,32.64,31.63,32.45,655700,3.68
1987-07-28,31.54,31.82,31.27,31.72,558700,3.60
1987-07-27,31.72,32.00,31.45,31.54,620000,3.58
1987-07-24,31.45,31.82,31.36,31.72,902900,3.60
1987-07-23,31.91,32.18,31.36,31.36,928600,3.56
1987-07-22,31.36,31.63,30.99,31.18,470300,3.54
1987-07-21,32.09,32.09,30.90,31.36,948100,3.56
1987-07-20,32.09,32.36,31.82,32.09,512300,3.64
1987-07-17,32.73,32.82,32.45,32.64,877000,3.70
1987-07-16,33.00,33.00,32.45,32.54,1088200,3.69
1987-07-15,32.73,33.09,32.45,32.82,770900,3.72
1987-07-14,32.73,32.82,32.27,32.73,623900,3.71
1987-07-13,33.00,33.09,32.27,32.73,310200,3.71
1987-07-10,32.73,33.00,32.54,33.00,316600,3.74
1987-07-09,32.36,32.91,32.27,32.54,689700,3.69
1987-07-08,32.54,32.64,31.91,32.54,689700,3.69
1987-07-07,32.27,33.00,32.18,32.45,660800,3.68
1987-07-06,32.82,33.09,31.82,32.45,585500,3.68
1987-07-02,32.64,33.00,32.45,32.45,289400,3.68
1987-07-01,33.00,33.09,32.45,32.54,379400,3.69
1987-06-30,34.19,34.28,33.00,33.18,653600,3.76
1987-06-29,33.73,34.28,33.73,34.09,257400,3.87
1987-06-26,34.19,34.37,33.82,33.91,335800,3.85
1987-06-25,34.46,34.82,34.37,34.55,597200,3.92
1987-06-24,34.28,34.37,34.09,34.19,471100,3.88
1987-06-23,34.55,34.55,34.09,34.28,1435700,3.89
1987-06-22,33.91,34.46,33.73,34.37,909000,3.90
1987-06-19,33.55,33.64,33.18,33.64,948500,3.82
1987-06-18,33.73,33.73,32.91,33.18,417500,3.76
1987-06-17,34.09,34.09,33.64,33.64,570000,3.82
1987-06-16,34.00,34.00,33.73,33.73,557900,3.83
1987-06-15,33.91,34.28,33.73,34.19,677200,3.88
1987-06-12,33.73,34.46,33.73,33.91,1553400,3.85
1987-06-11,32.82,33.64,32.82,33.00,609500,3.74
1987-06-10,32.64,33.18,32.45,33.00,1332000,3.74
1987-06-09,31.82,32.64,31.45,32.64,1184700,3.70
1987-06-08,31.72,32.09,31.27,31.63,546700,3.59
1987-06-05,32.00,32.00,31.45,31.63,514300,3.59
1987-06-04,31.54,32.18,31.36,31.91,1132300,3.62
1987-06-03,30.81,31.82,30.72,31.54,1866400,3.58
1987-06-02,30.54,30.90,30.08,30.72,683200,3.48
1987-06-01,30.81,30.90,30.36,30.54,923400,3.46
1987-05-29,30.90,30.99,30.27,30.45,907800,3.45
1987-05-28,29.90,30.63,29.90,30.63,1666200,3.47
1987-05-27,29.63,30.08,29.54,29.72,1308400,3.37
1987-05-26,29.45,29.54,29.08,29.45,695200,3.34
1987-05-22,28.99,29.90,28.99,29.08,740000,3.27
1987-05-21,28.36,29.35,28.36,28.81,968600,3.24
1987-05-20,27.54,28.63,27.18,28.27,1227100,3.18
1987-05-19,28.63,28.63,27.81,27.90,1393200,3.14
1987-05-18,28.81,28.90,27.90,28.63,1892800,3.22
1987-05-15,29.99,29.99,28.63,28.63,2299800,3.22
1987-05-14,29.71,30.44,29.71,30.08,1504500,3.38
1987-05-13,29.17,29.35,28.27,29.35,1785100,3.30
1987-05-12,29.53,29.53,28.99,29.35,881400,3.30
1987-05-11,28.99,29.71,28.99,29.53,1962400,3.32
1987-05-08,29.71,29.81,28.27,28.99,1950700,3.26
1987-05-07,30.08,30.26,29.26,29.53,1035400,3.32
1987-05-06,31.16,31.35,29.90,30.08,1163900,3.38
1987-05-05,30.53,31.25,30.44,31.16,1286400,3.50
1987-05-04,29.99,30.71,29.90,30.71,1238300,3.45
1987-05-01,30.08,30.26,29.35,29.90,1081100,3.36
1987-04-30,30.26,30.26,29.99,30.26,1352400,3.40
1987-04-29,30.98,31.07,30.08,30.26,1417300,3.40
1987-04-28,31.44,31.62,30.26,30.26,692800,3.40
1987-04-27,30.44,31.71,30.08,31.44,1057100,3.54
1987-04-24,31.89,32.25,31.16,31.53,768100,3.55
1987-04-23,32.61,32.61,32.34,32.61,561900,3.67
1987-04-22,32.43,33.16,32.25,32.79,902900,3.69
1987-04-21,31.89,32.61,31.62,32.61,1002600,3.67
1987-04-20,32.70,33.16,31.71,32.25,584400,3.63
1987-04-16,31.89,33.16,31.89,32.89,850500,3.70
1987-04-15,31.89,32.25,31.62,31.89,848100,3.59
1987-04-14,32.61,32.61,31.25,31.71,1400900,3.57
1987-04-13,32.98,33.25,32.34,32.61,866900,3.67
1987-04-10,33.16,33.70,32.98,33.16,913700,3.73
1987-04-09,34.97,34.97,33.34,33.79,1077000,3.80
1987-04-08,34.70,35.15,34.06,34.88,809700,3.92
1987-04-07,34.79,35.15,34.24,34.43,1329200,3.87
1987-04-06,34.24,34.79,34.24,34.70,635200,3.90
1987-04-03,33.88,34.24,33.16,34.24,961800,3.85
1987-04-02,34.24,34.43,33.16,33.34,870900,3.75
1987-04-01,34.06,34.43,33.70,34.06,754100,3.83
1987-03-31,33.79,34.70,33.43,34.70,772500,3.90
1987-03-30,32.61,34.15,32.61,33.79,1251100,3.80
1987-03-27,35.33,35.33,34.61,34.88,1152700,3.92
1987-03-26,35.33,35.60,35.15,35.42,1006600,3.98
1987-03-25,34.79,34.97,34.43,34.97,1119800,3.93
1987-03-24,33.43,34.61,33.43,34.52,1255900,3.88
1987-03-23,32.79,33.70,32.70,33.43,1246000,3.76
1987-03-20,32.34,32.61,32.07,32.61,1030200,3.67
1987-03-19,32.25,32.34,31.89,31.98,988600,3.60
1987-03-18,32.52,32.61,31.98,32.07,1007800,3.61
1987-03-17,31.44,32.16,31.16,32.16,1025400,3.62
1987-03-16,32.43,32.43,30.98,31.25,1003800,3.51
1987-03-13,31.25,31.80,31.16,31.53,872600,3.55
1987-03-12,30.98,33.07,30.89,31.07,828900,3.49
1987-03-11,31.44,32.16,30.89,30.98,1159500,3.48
1987-03-10,31.25,31.44,30.98,31.35,912600,3.53
1987-03-09,31.35,31.44,31.07,31.25,678400,3.51
1987-03-06,31.16,31.71,31.07,31.44,885700,3.54
1987-03-05,30.98,31.35,30.89,31.16,869700,3.50
1987-03-04,30.62,30.98,30.53,30.80,905800,3.46
1987-03-03,30.62,30.71,30.44,30.62,664000,3.44
1987-03-02,30.35,30.62,30.17,30.44,1094300,3.42
1987-02-27,29.90,30.44,29.90,30.08,800100,3.38
1987-02-26,29.53,29.71,28.63,29.71,1039800,3.34
1987-02-25,29.53,30.26,29.35,29.71,865300,3.34
1987-02-24,29.62,29.99,29.44,29.62,609500,3.33
1987-02-23,29.71,29.80,28.99,29.53,1835100,3.29
1987-02-20,29.89,29.98,29.44,29.71,868500,3.31
1987-02-19,30.07,30.25,29.89,30.07,1297200,3.35
1987-02-18,31.15,31.24,29.71,30.07,1303600,3.35
1987-02-17,31.33,31.51,31.15,31.42,818500,3.50
1987-02-13,30.25,31.96,30.25,31.42,1025400,3.50
1987-02-12,30.52,30.52,29.62,30.34,620400,3.38
1987-02-11,30.34,30.61,29.98,30.52,516400,3.40
1987-02-10,30.34,30.61,29.80,30.34,476700,3.38
1987-02-09,30.70,30.70,30.07,30.43,445100,3.39
1987-02-06,31.60,31.60,30.79,30.88,912100,3.44
1987-02-05,30.25,31.60,30.25,31.24,1409300,3.48
1987-02-04,30.07,30.43,29.35,29.80,1695400,3.32
1987-02-03,30.88,30.88,29.98,30.07,574700,3.35
1987-02-02,30.70,30.88,30.34,30.79,784500,3.43
1987-01-30,31.24,31.24,30.43,30.79,866900,3.43
1987-01-29,31.69,32.41,31.15,31.15,1913600,3.47
1987-01-28,29.89,31.69,29.89,31.60,1384000,3.52
1987-01-27,29.17,29.71,28.45,29.71,836900,3.31
1987-01-26,28.99,29.62,28.90,29.08,630400,3.24
1987-01-23,31.87,31.87,28.54,29.44,2210900,3.28
1987-01-22,29.17,31.33,29.08,31.06,1333200,3.46
1987-01-21,28.90,29.53,28.63,29.17,834100,3.25
1987-01-20,28.45,29.26,28.36,29.26,876600,3.26
1987-01-19,28.18,28.45,27.73,28.45,539100,3.17
1987-01-16,28.09,28.27,27.37,28.09,955000,3.13
1987-01-15,27.64,28.54,27.55,28.18,1707100,3.14
1987-01-14,27.19,27.64,27.19,27.64,1658200,3.08
1987-01-13,27.46,27.55,27.19,27.28,692500,3.04
1987-01-12,27.55,27.64,27.19,27.64,606400,3.08
1987-01-09,27.46,27.73,27.37,27.55,780900,3.07
1987-01-08,27.37,27.64,27.28,27.64,918100,3.08
1987-01-07,26.29,27.28,26.20,27.19,1753500,3.03
1987-01-06,26.02,26.38,25.84,26.29,764500,2.93
1987-01-05,25.12,25.84,25.12,25.75,820100,2.87
1987-01-02,24.31,24.94,24.22,24.94,339400,2.78
1986-12-31,24.40,24.58,24.04,24.40,769300,2.72
1986-12-30,24.49,24.58,24.31,24.49,586000,2.73
1986-12-29,24.58,24.85,24.49,24.49,849700,2.73
1986-12-26,24.76,24.85,24.58,24.67,404300,2.75
1986-12-24,24.85,25.03,24.67,24.67,647200,2.75
1986-12-23,24.76,24.85,24.31,24.76,1938400,2.76
1986-12-22,50.24,50.24,49.34,49.88,1590600,2.78
1986-12-19,50.33,50.42,49.16,50.24,2163700,2.80
1986-12-18,50.78,50.78,50.15,50.15,850100,2.80
1986-12-17,50.51,50.96,50.33,50.78,1910000,2.83
1986-12-16,50.15,50.51,49.79,50.42,1736200,2.81
1986-12-15,49.70,50.33,49.52,50.33,466700,2.81
1986-12-12,50.42,50.42,49.70,49.79,310600,2.78
1986-12-11,50.60,50.60,49.88,50.42,709300,2.81
1986-12-10,49.79,50.60,49.25,50.42,908600,2.81
1986-12-09,50.15,50.24,49.70,49.79,408200,2.78
1986-12-08,49.43,50.42,48.98,50.06,1111900,2.79
1986-12-05,49.61,49.70,49.25,49.43,1000600,2.76
1986-12-04,50.60,50.69,49.43,49.43,1525000,2.76
1986-12-03,51.14,51.14,50.60,50.78,1031100,2.83
1986-12-02,50.51,51.14,50.51,51.05,1777100,2.85
1986-12-01,50.69,50.69,50.15,50.69,666800,2.83
1986-11-28,50.42,50.69,50.15,50.69,243400,2.83
1986-11-26,50.33,50.42,49.97,50.42,979800,2.81
1986-11-25,50.06,50.51,49.79,50.15,1139900,2.80
1986-11-24,49.88,50.06,49.34,49.88,1039800,2.78
1986-11-21,47.73,50.15,47.73,49.79,1220700,2.76
1986-11-20,47.91,48.18,47.64,47.91,688400,2.66
1986-11-19,48.00,48.09,47.55,48.00,784500,2.66
1986-11-18,48.27,48.27,47.10,47.82,882100,2.65
1986-11-17,49.16,49.88,48.18,48.36,885300,2.68
1986-11-14,49.25,49.70,48.45,49.34,505900,2.74
1986-11-13,49.70,49.88,48.81,49.07,541900,2.72
1986-11-12,49.52,50.06,48.98,49.88,779700,2.77
1986-11-11,50.33,50.33,49.52,49.79,245000,2.76
1986-11-10,51.23,51.32,50.24,50.42,479500,2.80
1986-11-07,51.32,51.59,51.14,51.14,532300,2.84
1986-11-06,52.04,52.13,51.41,51.50,659600,2.86
1986-11-05,51.23,52.21,51.23,51.95,1572900,2.88
1986-11-04,51.41,51.50,50.24,51.14,1386400,2.84
1986-11-03,52.04,52.21,51.41,51.59,767700,2.86
1986-10-31,51.32,52.21,51.23,52.21,3332400,2.90
1986-10-30,50.24,51.14,49.70,51.14,2285400,2.84
1986-10-29,48.09,49.88,47.91,49.88,1212000,2.77
1986-10-28,47.28,48.00,47.19,47.82,955800,2.65
1986-10-27,47.46,47.64,47.10,47.46,486600,2.63
1986-10-24,47.28,47.91,47.10,47.37,682800,2.63
1986-10-23,46.65,47.37,46.47,47.10,1150300,2.61
1986-10-22,46.02,46.56,46.02,46.56,265700,2.58
1986-10-21,46.02,46.11,45.76,46.02,501900,2.55
1986-10-20,46.38,46.38,45.85,45.85,565200,2.54
1986-10-17,46.65,46.65,46.29,46.56,892500,2.58
1986-10-16,46.29,46.65,46.11,46.56,1660300,2.58
1986-10-15,45.13,45.85,44.95,45.85,2082100,2.54
1986-10-14,45.40,45.93,44.68,45.04,768500,2.50
1986-10-13,45.31,45.58,45.04,45.31,435400,2.51
1986-10-10,44.68,45.31,44.68,44.95,790100,2.49
1986-10-09,45.13,45.58,44.68,44.68,1260800,2.48
1986-10-08,44.86,45.40,44.77,45.04,1172700,2.50
1986-10-07,44.59,45.13,44.50,44.95,852500,2.49
1986-10-06,44.14,44.41,43.96,44.41,1471300,2.46
1986-10-03,44.32,44.50,43.87,44.32,1048700,2.46
1986-10-02,43.24,44.05,43.24,43.51,748400,2.41
1986-10-01,42.88,44.05,42.88,43.06,2420700,2.39
1986-09-30,42.71,43.42,42.53,43.06,1685000,2.39
1986-09-29,42.44,42.71,42.26,42.53,1424800,2.36
1986-09-26,43.06,43.06,41.99,42.44,2169400,2.35
1986-09-25,44.68,44.68,43.06,43.06,1123100,2.39
1986-09-24,45.67,45.93,44.50,45.04,1385700,2.50
1986-09-23,45.76,46.02,45.67,45.76,720400,2.54
1986-09-22,44.86,45.85,44.86,45.76,1003000,2.54
1986-09-19,43.87,44.86,43.87,44.86,1122300,2.49
1986-09-18,44.23,44.23,43.69,44.05,1107100,2.44
1986-09-17,44.23,44.68,44.14,44.23,1289500,2.45
1986-09-16,43.96,44.41,43.78,44.32,773300,2.46
1986-09-15,43.60,44.32,43.06,44.14,988600,2.45
1986-09-12,45.04,45.04,42.88,43.51,1553000,2.41
1986-09-11,46.83,46.92,44.86,45.13,1574600,2.50
1986-09-10,46.47,47.37,46.38,47.10,1155100,2.61
1986-09-09,47.91,48.00,45.93,46.65,1155100,2.59
1986-09-08,48.98,48.98,47.91,48.09,983000,2.67
1986-09-05,49.34,49.61,49.16,49.16,1692300,2.73
1986-09-04,48.72,49.43,48.54,49.43,1111900,2.74
1986-09-03,48.18,48.72,48.09,48.54,803700,2.69
1986-09-02,48.81,48.90,48.09,48.27,639600,2.68
1986-08-29,48.98,49.07,48.54,48.63,638800,2.70
1986-08-28,49.25,49.25,48.63,48.81,612400,2.71
1986-08-27,49.34,49.34,48.90,49.25,690100,2.73
1986-08-26,49.43,49.88,49.25,49.43,818100,2.74
1986-08-25,50.67,50.67,49.51,49.60,941400,2.73
1986-08-22,50.13,50.49,49.95,50.49,497100,2.78
1986-08-21,50.13,50.13,49.95,50.13,439400,2.76
1986-08-20,50.13,50.22,49.60,49.86,461100,2.74
1986-08-19,50.58,50.58,49.86,49.95,631600,2.75
1986-08-18,50.04,50.67,49.24,50.40,521900,2.77
1986-08-15,50.31,50.40,49.86,50.22,799700,2.76
1986-08-14,50.04,50.40,49.86,50.13,813300,2.76
1986-08-13,49.60,50.67,49.42,49.86,1276000,2.74
1986-08-12,48.97,49.51,48.70,49.51,781300,2.72
1986-08-11,48.70,49.06,48.52,48.79,511500,2.68
1986-08-08,49.06,49.15,48.61,48.61,1066200,2.68
1986-08-07,49.06,49.24,48.44,48.88,445900,2.69
1986-08-06,49.06,49.15,48.70,48.88,830100,2.69
1986-08-05,49.33,49.60,48.88,49.24,383400,2.71
1986-08-04,49.24,49.60,48.88,49.42,525900,2.72
1986-08-01,48.35,49.68,48.35,49.24,449100,2.71
1986-07-31,48.35,48.52,47.90,48.52,534800,2.67
1986-07-30,48.79,48.97,47.99,48.79,875700,2.68
1986-07-29,48.88,49.06,48.44,48.70,643600,2.68
1986-07-28,49.68,49.86,47.99,48.70,634000,2.68
1986-07-25,48.17,49.95,48.08,49.60,1471300,2.73
1986-07-24,47.81,48.35,47.72,48.08,576400,2.65
1986-07-23,47.01,47.99,46.92,47.63,1095900,2.62
1986-07-22,46.65,47.37,46.47,47.01,822100,2.59
1986-07-21,46.38,46.56,46.03,46.38,421000,2.55
1986-07-18,46.38,46.74,45.85,46.47,1094300,2.56
1986-07-17,45.94,46.56,45.94,46.21,1163900,2.54
1986-07-16,45.49,46.03,45.31,45.67,963000,2.51
1986-07-15,46.38,46.38,44.78,45.31,2419100,2.49
1986-07-14,48.44,48.44,46.65,46.74,1243200,2.57
1986-07-11,49.24,49.24,48.26,48.44,661200,2.67
1986-07-10,49.24,49.24,47.99,48.97,666800,2.69
1986-07-09,47.90,48.52,46.74,48.52,2708000,2.67
1986-07-08,48.70,48.70,46.83,47.72,2132500,2.63
1986-07-07,52.36,52.36,49.06,49.24,1593000,2.71
1986-07-03,52.27,52.54,52.00,52.18,895800,2.87
1986-07-02,51.38,51.83,51.29,51.83,870100,2.85
1986-07-01,50.31,51.29,49.51,51.29,1972400,2.82
1986-06-30,50.75,50.84,50.13,50.13,1319300,2.76
1986-06-27,50.84,50.84,50.49,50.84,679600,2.80
1986-06-26,50.84,51.02,50.22,50.67,869300,2.79
1986-06-25,49.95,50.75,49.86,50.67,1789900,2.79
1986-06-24,49.68,50.31,49.68,49.77,2056400,2.74
1986-06-23,50.31,50.31,48.70,49.68,1714600,2.73
1986-06-20,47.90,50.67,47.81,50.67,2083700,2.79
1986-06-19,47.99,48.26,47.81,47.81,1288000,2.63
1986-06-18,47.28,47.99,47.19,47.81,971800,2.63
1986-06-17,46.47,47.28,46.47,47.19,1324800,2.60
1986-06-16,45.49,46.30,45.40,46.30,630800,2.55
1986-06-13,44.33,45.31,44.24,45.31,814900,2.49
1986-06-12,44.60,44.60,44.24,44.33,197700,2.44
1986-06-11,44.60,44.78,44.24,44.60,235300,2.45
1986-06-10,44.96,44.96,44.24,44.78,385100,2.46
1986-06-09,46.03,46.03,44.78,44.96,955000,2.47
1986-06-06,45.67,46.12,45.49,46.03,409000,2.53
1986-06-05,45.76,46.03,45.49,45.85,2016500,2.52
1986-06-04,45.49,45.76,45.31,45.76,586000,2.52
1986-06-03,45.58,45.58,45.31,45.31,452200,2.49
1986-06-02,45.67,45.76,45.31,45.40,471400,2.50
1986-05-30,45.76,46.21,45.40,45.58,770900,2.51
1986-05-29,45.67,46.03,45.31,45.85,536300,2.52
1986-05-28,45.31,45.67,45.05,45.58,852500,2.51
1986-05-27,44.96,45.05,44.07,44.96,1070300,2.47
1986-05-23,44.05,44.58,43.96,44.14,818100,2.41
1986-05-22,43.52,44.22,43.52,44.05,862900,2.40
1986-05-21,42.90,43.60,42.90,43.43,660400,2.37
1986-05-20,42.54,42.90,42.54,42.81,496300,2.33
1986-05-19,42.72,42.90,42.54,42.54,281800,2.32
1986-05-16,42.54,42.90,42.27,42.90,534800,2.34
1986-05-15,43.07,43.16,42.45,42.54,322600,2.32
1986-05-14,43.07,43.25,42.81,42.90,669200,2.34
1986-05-13,42.72,43.25,42.63,43.16,537900,2.35
1986-05-12,42.45,42.90,42.36,42.72,365000,2.33
1986-05-09,41.03,42.54,40.68,42.54,959800,2.32
1986-05-08,41.03,41.12,40.59,40.86,547500,2.23
1986-05-07,41.39,41.39,40.41,40.86,666800,2.23
1986-05-06,41.74,41.83,41.30,41.39,610800,2.26
1986-05-05,41.30,41.57,41.12,41.57,225800,2.27
